0 -26.5051 0.242745
1 -68.8653 0.242465
2 -49.7642 0.245472
3 -52.2772 0.244784
4 -56.2013 0.244487
5 -42.8947 0.247992
6 -22.5629 0.239669
7 -25.7464 0.245429
8 -49.2125 0.240278
9 -26.2851 0.246579
10 -32.9758 0.242382
11 -20.2264 0.244446
12 -39.3656 0.242307
13 -13.913 0.245516
14 -12.3357 0.242345
15 -61.6319 0.239635
16 -21.6857 0.244363
17 -42.6443 0.243844
18 -19.2024 0.241434
19 -11.3434 0.237596
20 -39.7741 0.2464
21 -26.432 0.240673
22 -28.8972 0.239368
23 -25.8758 0.238446
24 -15.8136 0.237257
25 -46.3663 0.241803
26 -56.4608 0.238183
27 -22.9099 0.241271
28 -31.1309 0.240491
29 -14.2569 0.241033
30 -6.93998 0.241361
31 -29.4411 0.237299
32 73.1594 0.242146
33 77.2939 0.241754
34 84.9008 0.245151
35 87.0157 0.243209
36 81.6016 0.240803
37 100.491 0.241722
38 75.8094 0.243533
39 63.6863 0.242695
40 55.1735 0.242119
41 63.6572 0.241883
42 66.2457 0.242867
43 76.1209 0.243747
44 73.3881 0.245952
45 92.0219 0.23458
46 83.4749 0.242173
47 63.7611 0.24671
48 84.6763 0.24053
49 101.744 0.235405
50 55.4915 0.239684
51 68.8072 0.234898
52 83.2258 0.236858
53 70.7823 0.235031
54 84.7199 0.233748
55 47.7638 0.236474
56 81.0684 0.235427
57 62.8192 0.239034
58 59.5885 0.23288
59 73.7768 0.238703
60 80.0977 0.235374
61 56.216 0.240295
62 50.1932 0.241366
63 70.7977 0.233337
64 49.8679 0.233244
65 25.6908 0.235131
66 14.5192 0.229653
67 44.3612 0.233347
68 40.1301 0.232402
69 53.3881 0.229977
70 38.1021 0.232264
71 63.075 0.230084
72 44.1949 0.228118
73 36.7959 0.225795
74 36.7548 0.22657
75 44.5836 0.228931
76 32.5029 0.229118
77 36.6975 0.229301
78 48.4952 0.228833
79 46.032 0.225429
80 38.058 0.227504
81 20.6144 0.221399
82 16.7466 0.223776
83 38.2785 0.224821
84 36.9525 0.224644
85 40.9142 0.227514
86 37.1831 0.22184
87 23.5464 0.226008
88 41.0207 0.224877
89 55.8257 0.225757
90 47.7119 0.225271
91 14.9359 0.224821
92 26.5116 0.226865
93 40.2846 0.219959
94 48.5949 0.224263
