0 -23.234 0.243673
1 -41.5438 0.237956
2 -33.2005 0.242196
3 10.9212 0.240218
4 -22.0828 0.239314
5 -30.123 0.240857
6 -12.6557 0.239332
7 -2.18366 0.238549
8 -1.05573 0.237526
9 -11.0012 0.235666
10 -28.6577 0.238799
11 -20.893 0.237539
12 -51.1394 0.237798
13 -24.7546 0.236742
14 -41.0696 0.238757
15 -15.2131 0.23325
16 -2.09165 0.232557
17 -20.574 0.237832
18 -5.15094 0.233323
19 -9.26747 0.236103
20 -12.6318 0.236755
21 -55.6691 0.23489
22 -13.3677 0.23723
23 -16.6885 0.234312
24 -3.01219 0.231464
25 -33.3529 0.23451
26 -26.4969 0.23333
27 -22.6944 0.234612
28 -23.5681 0.235139
29 -8.81701 0.233288
30 -5.46628 0.235747
31 -35.4898 0.226417
32 18.5039 0.23928
33 -16.1163 0.235687
34 -14.3927 0.236973
35 1.37645 0.237149
36 21.501 0.239707
37 -33.9753 0.238797
38 18.69 0.235224
39 -11.4531 0.236832
40 -5.67899 0.23375
41 1.89201 0.233644
42 -6.16408 0.23327
43 7.69441 0.237284
44 18.3741 0.238415
45 -17.6975 0.238212
46 1.89368 0.232281
47 -4.59587 0.235941
48 -17.0995 0.232778
49 1.41198 0.235793
50 2.45501 0.234284
51 18.1975 0.235971
52 13.2946 0.22818
53 38.5042 0.233296
54 10.2789 0.235515
55 -6.4326 0.231284
56 -3.75902 0.233366
57 13.0903 0.235629
58 -1.41591 0.227822
59 4.6513 0.235362
60 3.48249 0.230187
61 9.3344 0.233037
62 -4.32748 0.234165
63 18.4724 0.229034
64 46.6865 0.24166
65 38.6339 0.231109
66 5.01511 0.232255
67 46.564 0.234898
68 52.5692 0.236536
69 22.0324 0.232619
70 40.5797 0.231272
71 35.6002 0.233673
72 24.5739 0.228983
73 56.3006 0.232456
74 26.2008 0.231357
75 38.9496 0.22834
76 47.5139 0.233446
77 32.5016 0.229932
78 32.4432 0.229685
79 36.235 0.228185
80 62.4846 0.229271
81 28.4413 0.232914
82 69.8103 0.228958
83 36.1072 0.229897
84 41.1595 0.228674
85 29.1333 0.232874
86 32.1435 0.229249
87 28.8071 0.227961
88 59.1551 0.230135
89 30.7449 0.227375
90 28.5723 0.227798
91 43.428 0.225883
92 34.5357 0.22357
93 34.5826 0.226169
94 50.4514 0.222583
