0 27.9948 0.248468
1 40.807 0.253554
2 27.1375 0.249537
3 42.336 0.247417
4 37.3951 0.247651
5 41.0752 0.248798
6 70.4265 0.250638
7 60.7817 0.249591
8 64.7947 0.24934
9 59.7393 0.246784
10 37.1957 0.246603
11 62.6375 0.249541
12 48.2223 0.245457
13 82.6724 0.247294
14 49.6908 0.246046
15 44.0583 0.246777
16 55.2558 0.245718
17 69.2328 0.244803
18 40.1578 0.245652
19 29.829 0.238572
20 45.8015 0.244235
21 43.6924 0.245424
22 42.2498 0.244008
23 33.3167 0.239092
24 70.5599 0.243746
25 59.0399 0.242167
26 38.9449 0.240866
27 61.8672 0.239584
28 27.8749 0.241087
29 52.8405 0.240793
30 61.7164 0.244574
31 39.4884 0.238996
32 45.278 0.240209
33 57.3565 0.233831
34 39.2855 0.234491
35 22.3402 0.235458
36 44.9133 0.237984
37 26.7191 0.229969
38 17.0097 0.23894
39 47.8621 0.237489
40 45.0899 0.233143
41 29.3601 0.232925
42 42.2247 0.238074
43 36.5477 0.236253
44 55.0577 0.231553
45 29.9899 0.232051
46 66.0318 0.232389
47 56.1978 0.234193
48 41.7181 0.232013
49 22.9486 0.235105
50 39.0667 0.231436
51 36.5672 0.229949
52 34.2031 0.233849
53 27.7099 0.2282
54 39.6972 0.232078
55 52.8493 0.231178
56 36.7931 0.228619
57 46.3045 0.229976
58 50.4223 0.232624
59 53.3713 0.233199
60 22.8376 0.232341
61 49.8636 0.229061
62 34.9923 0.227089
63 40.1555 0.225299
64 0.611417 0.24152
65 -6.36089 0.237544
66 1.49202 0.240542
67 -0.664295 0.240626
68 -16.8104 0.239229
69 -4.18834 0.240789
70 -10.079 0.239089
71 -15.7614 0.236903
72 -18.5841 0.239897
73 -0.764186 0.240408
74 21.1563 0.23698
75 -0.128296 0.238193
76 6.87987 0.236874
77 -5.61874 0.233678
78 -28.0898 0.235534
79 -17.7953 0.240002
80 -5.57474 0.237286
81 12.6508 0.237546
82 -15.952 0.237488
83 0.787254 0.235498
84 6.99018 0.238562
85 -15.4506 0.238366
86 -6.69666 0.236634
87 7.87344 0.232816
88 -13.6154 0.238403
89 6.67314 0.239573
90 18.3732 0.24035
91 3.23157 0.23831
92 5.58447 0.237778
93 -11.9921 0.23722
94 -8.70499 0.236882
