0 12.8508 0.237475
1 19.5918 0.235471
2 21.0755 0.238669
3 17.8275 0.23731
4 -4.3086 0.235407
5 -6.45944 0.232404
6 10.9369 0.237334
7 -2.12114 0.234014
8 20.5386 0.237997
9 -11.5481 0.233317
10 22.8391 0.230324
11 -14.1246 0.231579
12 24.3205 0.239116
13 -0.71889 0.230363
14 22.692 0.234109
15 0.906801 0.230953
16 -13.8353 0.227176
17 0.89752 0.230014
18 10.7768 0.233706
19 -0.72613 0.231276
20 0.233454 0.228227
21 5.59032 0.227889
22 24.8884 0.228562
23 23.4302 0.228296
24 -8.22891 0.232119
25 12.7937 0.227995
26 -2.92433 0.22827
27 -22.8292 0.228066
28 -3.85343 0.228905
29 4.62438 0.231017
30 21.7835 0.228563
31 -5.14966 0.222539
32 16.867 0.240596
33 15.1681 0.23783
34 14.7302 0.244453
35 33.3331 0.2371
36 -0.279313 0.234428
37 19.279 0.241373
38 7.49566 0.237377
39 12.2457 0.236749
40 14.9498 0.238166
41 3.19633 0.237712
42 8.1054 0.241008
43 13.9206 0.236781
44 31.9282 0.237182
45 -20.2031 0.236937
46 13.5643 0.238085
47 38.8573 0.235327
48 29.3808 0.234848
49 28.284 0.238995
50 11.4733 0.231212
51 3.67661 0.229396
52 29.9954 0.231164
53 13.9841 0.230226
54 41.1529 0.230578
55 27.8916 0.234704
56 27.282 0.23268
57 8.53121 0.231295
58 45.9703 0.232284
59 5.93913 0.231227
60 -23.8338 0.230941
61 18.7907 0.236222
62 31.5989 0.231624
63 9.86738 0.228329
64 66.3248 0.227866
65 64.5775 0.229424
66 28.0046 0.227899
67 58.6124 0.231421
68 28.3268 0.228569
69 54.4332 0.228671
70 44.832 0.225536
71 75.376 0.226068
72 74.8325 0.226889
73 46.6162 0.225351
74 50.6838 0.226414
75 36.2493 0.223406
76 34.6718 0.229416
77 41.0357 0.225381
78 31.4421 0.222388
79 49.4615 0.225956
80 42.4676 0.227169
81 52.2826 0.222525
82 56.6272 0.226417
83 61.7138 0.221451
84 54.3948 0.225063
85 48.1851 0.226738
86 39.4161 0.227388
87 60.1389 0.222848
88 50.159 0.224813
89 21.5169 0.227445
90 47.3346 0.226851
91 38.1024 0.224473
92 57.5383 0.223727
93 56.7846 0.222981
94 26.6349 0.22239
