0 27.73 0.241929
1 9.02366 0.244041
2 7.94057 0.238747
3 17.5963 0.240914
4 34.1575 0.237506
5 10.5997 0.241265
6 29.936 0.238254
7 32.9082 0.238803
8 2.98976 0.241494
9 17.623 0.23296
10 22.8967 0.236038
11 17.8324 0.235166
12 9.56161 0.236068
13 39.3658 0.233283
14 25.719 0.238845
15 17.2581 0.235035
16 4.65146 0.239201
17 18.9292 0.234325
18 19.6221 0.238501
19 20.6274 0.232712
20 -19.6706 0.235016
21 12.3437 0.238542
22 29.369 0.233671
23 51.8735 0.233973
24 23.3659 0.230305
25 20.4708 0.23451
27 36.4385 0.238032
28 30.0769 0.234615
29 42.9784 0.235549
30 42.4257 0.232445
31 8.96376 0.230184
32 -20.8375 0.241713
33 13.6171 0.240114
34 4.07972 0.24071
35 7.2298 0.244654
36 -3.65492 0.241445
37 43.04 0.238617
38 -13.2643 0.23931
39 -0.0595766 0.241706
40 2.32753 0.23854
41 -10.3854 0.238912
42 10.0218 0.236053
43 -5.82789 0.236688
44 26.4536 0.239764
45 16.4134 0.233429
46 -27.56 0.240383
47 26.6961 0.238356
48 1.24771 0.239973
49 -9.90403 0.23864
50 34.6421 0.234783
51 -22.4707 0.238366
52 28.2146 0.237987
53 22.7745 0.236788
54 10.9438 0.238713
55 -8.5019 0.238281
56 -21.4428 0.233707
57 38.0688 0.241602
58 -8.59469 0.235507
59 -7.83848 0.235413
60 18.1302 0.234334
61 11.1486 0.24238
62 26.3086 0.233754
63 13.098 0.235514
64 -11.9125 0.244023
65 -3.66443 0.240611
66 -3.26247 0.245132
67 -16.4507 0.244059
68 -10.5929 0.242028
69 -22.4456 0.241412
70 -18.4458 0.238306
71 -11.0035 0.242369
72 -26.3868 0.242267
73 -0.260375 0.243631
74 -2.06584 0.24459
75 -0.640379 0.240003
76 -6.86735 0.243458
77 -25.5321 0.241683
78 -7.28174 0.241153
79 9.76201 0.239572
80 -5.76513 0.239244
81 0.962759 0.238538
82 -29.7463 0.239509
83 -19.0962 0.235725
84 -24.9087 0.234347
85 -22.1492 0.233606
86 5.56463 0.238339
87 -43.7942 0.234881
88 -24.4152 0.241196
89 3.27357 0.233741
90 5.98377 0.238155
91 -2.67782 0.241392
92 -11.236 0.238086
93 -1.39312 0.237366
94 18.5905 0.239159
