0 -12.1605 0.23989
1 -15.7811 0.236978
2 22.578 0.236594
3 23.7219 0.239851
4 13.4854 0.245273
5 16.6572 0.239926
6 -15.1924 0.240701
7 33.6346 0.236039
8 26.8973 0.237447
9 2.10305 0.242418
10 33.98 0.238395
11 -5.34473 0.239742
12 1.35265 0.233128
13 3.15902 0.240325
14 -4.34521 0.239269
15 -4.67613 0.234644
16 -13.9882 0.231424
17 21.0988 0.24328
18 14.7591 0.240646
19 33.7896 0.235857
20 37.118 0.236358
21 11.3859 0.233029
22 -6.41188 0.238973
23 1.22287 0.237025
24 4.05102 0.235795
25 8.69043 0.234248
26 4.54636 0.235438
27 10.7801 0.233887
28 -12.2242 0.236056
29 24.4944 0.233723
30 0.176403 0.237405
31 10.0014 0.234245
32 25.4353 0.241399
33 13.4651 0.23474
34 5.59659 0.239422
35 23.8501 0.237328
36 32.816 0.234814
37 5.81767 0.234506
38 1.45151 0.239582
39 9.92453 0.241036
40 20.6778 0.240331
41 18.2038 0.237659
42 17.6508 0.236813
43 24.0608 0.238797
44 14.7115 0.233252
45 -3.82534 0.235686
46 -4.08402 0.235068
47 27.8644 0.234682
48 14.0132 0.23659
49 -21.4127 0.233994
50 32.8271 0.235136
51 12.0078 0.231159
52 0.641859 0.229986
53 33.6679 0.230502
54 19.7078 0.23436
55 23.5705 0.233412
56 5.55297 0.232567
57 9.21985 0.23217
58 19.4599 0.234093
59 22.0288 0.233956
60 1.01873 0.235365
61 31.8307 0.231956
62 20.4367 0.23042
63 5.70011 0.230646
64 39.1243 0.23823
65 27.226 0.243654
66 48.659 0.234951
67 30.0541 0.23441
68 44.2995 0.239393
69 17.1873 0.237627
70 52.689 0.236105
71 41.0132 0.239802
72 38.1333 0.233834
73 36.9236 0.236773
74 31.8613 0.236154
75 39.7422 0.237338
76 30.9381 0.233965
77 56.1748 0.235301
78 29.0077 0.233457
79 19.2423 0.234402
80 34.5564 0.236547
81 23.3458 0.234072
82 38.8165 0.233554
83 21.4333 0.231203
84 54.862 0.235609
85 59.1345 0.23641
86 32.3823 0.232714
87 69.0373 0.233932
88 53.824 0.235245
89 28.5367 0.231611
90 41.2847 0.231082
91 32.0335 0.23117
92 36.4242 0.234612
93 24.5118 0.234033
94 37.3165 0.235183
