0 -37.052 0.261658
1 -16.0533 0.260975
2 -31.2683 0.257281
3 -55.3462 0.252991
4 -22.842 0.257391
5 -27.6963 0.257973
6 -20.2809 0.259506
7 -5.61777 0.252548
8 -34.1836 0.259063
9 -20.2897 0.260951
10 -45.9878 0.255436
11 -33.2884 0.254718
12 5.72451 0.257972
13 -40.9084 0.254882
14 -21.8845 0.255785
15 -25.901 0.255609
16 -29.7816 0.251204
17 -16.6264 0.254222
18 -10.3245 0.249108
19 -19.9463 0.249414
20 1.02995 0.256644
21 -7.57002 0.247521
22 0.240712 0.25192
23 -26.8542 0.249113
24 0.355422 0.250601
25 -33.9009 0.247913
26 -28.168 0.251931
27 -11.4348 0.249368
28 -26.4142 0.251646
29 -34.844 0.244684
30 -25.7683 0.252134
31 -5.09717 0.242791
32 28.7281 0.254068
33 14.8911 0.251229
34 22.2532 0.24921
35 32.2947 0.252116
36 31.9165 0.255697
37 -8.71448 0.25299
38 13.0012 0.25143
39 2.31828 0.248464
40 22.0479 0.246856
41 11.4449 0.247038
42 55.3047 0.249143
43 11.4073 0.248356
44 32.7153 0.249379
45 22.2797 0.246285
46 17.1596 0.247103
47 8.06217 0.249656
48 32.2811 0.248202
49 -1.22888 0.24469
50 3.89742 0.251842
51 2.98616 0.250177
52 17.1182 0.250631
53 15.6162 0.250448
54 63.3587 0.242987
55 39.1714 0.243492
56 32.5529 0.245459
57 38.5199 0.245917
58 -5.49609 0.244094
59 21.7433 0.242197
60 28.0683 0.243883
61 38.0419 0.23683
62 14.5756 0.241101
63 -5.46001 0.235999
64 29.5057 0.25046
65 47.941 0.25319
66 24.3379 0.251347
67 22.2714 0.253023
68 62.0238 0.250601
69 68.6768 0.248978
70 41.1216 0.254584
71 47.6834 0.251579
72 13.1017 0.253673
73 27.0865 0.242286
74 42.3321 0.249707
75 50.4125 0.25118
76 32.9003 0.248308
77 21.6918 0.246852
78 27.001 0.246489
79 51.8475 0.24831
80 54.8422 0.249905
81 30.0007 0.253175
82 30.1262 0.248812
83 40.941 0.246972
84 58.0703 0.243304
85 48.1694 0.249441
86 28.1907 0.244961
87 54.112 0.244902
88 56.2867 0.2524
89 21.2729 0.245427
90 30.0161 0.248374
91 24.8809 0.249078
92 10.6768 0.242378
93 9.85761 0.243599
94 53.4326 0.241068
