0 -49.7595 0.246821
1 -42.4217 0.244889
2 -32.8561 0.248701
3 -14.8164 0.248044
4 -17.0232 0.244351
5 -34.151 0.243337
6 -42.5996 0.244895
7 -40.873 0.2417
8 -28.335 0.246164
9 -33.726 0.244499
10 -41.6651 0.241068
11 -40.0218 0.245832
12 -35.6159 0.24678
13 -31.7205 0.246082
14 -50.7543 0.242772
15 -41.1405 0.24196
16 -28.8311 0.238325
17 -34.6913 0.242313
18 -45.3041 0.242956
19 -24.1275 0.242583
20 -0.750062 0.244232
21 -19.01 0.241797
22 -25.8216 0.243101
23 -38.301 0.238652
24 -28.7782 0.238335
25 -39.4847 0.23974
26 -2.38891 0.240635
27 -38.1407 0.241264
28 -33.7276 0.240738
29 -24.7389 0.235999
30 -29.2042 0.238987
31 -35.4082 0.234491
32 -27.465 0.249117
33 -31.6918 0.247368
34 -35.3531 0.246138
35 -39.7599 0.246808
36 -47.712 0.244303
37 -18.6471 0.245601
38 -41.4581 0.24485
39 -30.5965 0.242863
40 -18.9302 0.24502
41 -36.7543 0.240463
42 -28.2763 0.242251
43 -9.35014 0.245359
44 -31.6402 0.239506
45 -13.3046 0.2418
46 0.675075 0.241092
47 -25.922 0.238005
48 -55.9357 0.238525
49 -51.8746 0.244934
50 -24.7253 0.241186
51 -8.4992 0.236272
52 -20.5954 0.243842
53 -47.486 0.237188
54 -11.788 0.238205
55 -13.4856 0.243678
56 -37.9632 0.237266
57 -18.6114 0.241808
58 -41.8251 0.241991
59 -35.2964 0.236604
60 -32.1089 0.239138
61 -36.44 0.238257
62 -36.3458 0.239778
63 -16.5003 0.239673
64 43.0267 0.241412
65 41.7128 0.234067
66 56.6865 0.242088
67 79.131 0.238309
68 83.8336 0.232135
69 75.1352 0.235969
70 52.941 0.236263
71 55.1627 0.236395
72 37.6485 0.238792
73 76.9119 0.230709
74 52.8745 0.234712
75 67.641 0.23916
76 64.2995 0.234407
77 72.4279 0.234505
78 49.6791 0.235503
79 58.3862 0.23079
80 39.4518 0.237247
81 62.0623 0.23537
82 34.9403 0.234525
83 52.5721 0.234355
84 55.7133 0.235473
85 62.3907 0.23114
86 37.3983 0.231051
87 70.1548 0.230494
88 41.3567 0.234681
89 29.2593 0.233144
90 37.9078 0.231698
91 45.6386 0.232035
92 68.2727 0.230814
93 62.7949 0.234716
94 72.5494 0.230018
