0 30.5451 0.243517
1 31.6278 0.23646
2 6.11449 0.239196
3 49.7699 0.236561
4 17.7092 0.233887
5 25.761 0.236456
6 20.8731 0.238653
7 33.7621 0.237409
8 24.199 0.235813
9 11.9647 0.239733
10 28.3285 0.236699
11 42.9971 0.232772
12 8.77389 0.23562
13 28.9105 0.232121
14 27.3391 0.236764
15 15.5122 0.22829
16 57.1654 0.233569
17 21.9315 0.22813
18 57.5076 0.231469
19 21.3699 0.231414
20 25.3916 0.230872
21 31.0266 0.231422
22 34.3885 0.229729
23 31.7399 0.229461
24 37.7808 0.229402
25 45.5267 0.232053
26 8.75879 0.228899
27 4.24095 0.233386
28 26.9718 0.228788
29 21.3086 0.227587
30 48.3882 0.235334
31 29.1147 0.226461
32 34.6393 0.244857
33 40.2249 0.241735
34 30.772 0.245733
35 21.845 0.243786
36 46.0348 0.241335
37 49.5284 0.241951
38 10.8263 0.24767
39 48.7621 0.241227
40 18.7675 0.238491
41 22.2795 0.239804
42 21.5759 0.242739
43 22.8468 0.239015
44 14.3068 0.240155
45 10.7241 0.238571
46 51.9333 0.241093
47 27.2486 0.243179
48 18.0463 0.240328
49 51.674 0.241445
50 11.0136 0.23957
51 39.7495 0.241729
52 55.9984 0.237444
53 33.585 0.23815
54 28.4495 0.238795
55 24.6045 0.237711
56 21.8102 0.236855
57 48.4632 0.234687
58 28.0144 0.236611
59 36.7318 0.237789
60 52.3993 0.233179
61 20.0545 0.234999
62 40.9707 0.234384
63 28.5417 0.233182
64 -54.28 0.247014
65 -51.309 0.243608
66 -19.3837 0.244562
67 -16.2252 0.24699
68 -39.2922 0.245267
69 -38.5217 0.246546
70 -49.3054 0.239517
71 -55.8919 0.24199
72 -83.8166 0.246334
73 -33.7757 0.242383
74 -23.7744 0.241064
75 -32.8345 0.242437
76 -41.5639 0.245117
77 -46.4157 0.241532
78 -39.1738 0.237865
79 -30.1024 0.241588
80 -50.3697 0.236571
81 -24.7446 0.239442
82 -25.0027 0.236302
83 4.89754 0.237084
84 -11.2124 0.242267
85 -35.0414 0.241204
86 -12.8264 0.240398
87 -34.4739 0.237393
88 -28.8382 0.234232
89 -36.2426 0.234451
90 -45.0578 0.237335
91 -41.6506 0.238387
92 -52.0106 0.238478
93 -31.5499 0.236212
94 -19.7179 0.236425
