0 7.86948 0.262361
1 -13.26 0.25731
2 30.7276 0.260342
3 -17.9813 0.257753
4 20.3966 0.259134
5 21.6147 0.254487
6 10.082 0.256467
7 2.12073 0.253236
8 8.88143 0.254687
9 -7.493 0.255105
10 2.31872 0.254234
11 -16.6452 0.256872
12 14.3444 0.25204
13 12.6542 0.256928
14 -4.31264 0.25522
15 18.8037 0.250246
16 -5.69661 0.252885
17 -1.05486 0.252467
18 19.8719 0.254384
19 -12.6383 0.252596
20 3.32151 0.252968
21 7.62122 0.249208
22 -10.4053 0.255552
23 -5.67172 0.245413
24 33.5933 0.251825
25 21.2899 0.250862
26 -28.2709 0.250377
27 -2.62625 0.250281
28 29.0768 0.25204
29 13.9813 0.252271
30 -1.03451 0.253514
31 -17.6431 0.245126
32 -16.3818 0.249794
33 -11.1077 0.251487
34 -40.5301 0.246121
35 -9.71722 0.244845
36 -25.2219 0.243408
37 -25.5501 0.246076
38 -25.1451 0.245346
39 10.0401 0.245521
40 -21.8125 0.245195
41 -10.8216 0.242484
42 7.4557 0.246469
43 -22.0625 0.243327
44 -21.2078 0.242337
45 -22.3191 0.240021
46 2.83449 0.240406
47 -36.8665 0.241915
48 7.74691 0.237767
49 -19.1615 0.242622
50 2.49964 0.24077
51 -32.8792 0.241977
52 -48.3471 0.241691
53 -22.2194 0.240774
54 -16.8234 0.239971
55 -34.1808 0.239348
56 4.48416 0.23854
57 -31.9458 0.23714
58 -36.5713 0.238969
59 -17.6235 0.239784
60 -26.2623 0.234277
61 -27.1186 0.235684
62 -21.9215 0.240316
63 -13.1599 0.234572
64 20.8806 0.257044
65 27.6711 0.249962
66 28.5521 0.253443
67 40.0416 0.255603
68 28.2348 0.252901
69 19.9692 0.252118
70 40.5292 0.254086
71 7.16425 0.251983
72 12.3941 0.25076
73 19.4942 0.253151
74 34.3705 0.250097
75 43.8658 0.250105
76 19.1913 0.25111
77 8.48405 0.244369
78 14.1472 0.250197
79 37.1043 0.256867
80 39.1613 0.248105
81 11.5619 0.250352
82 11.5531 0.250726
83 43.9814 0.251393
84 24.6293 0.250169
85 30.4608 0.247852
86 2.4293 0.247651
87 36.6897 0.252122
88 47.296 0.247639
89 45.1819 0.247327
90 13.053 0.246907
91 11.1125 0.247329
92 46.5718 0.248676
93 40.1081 0.246718
94 31.3603 0.243658
