0 29.6114 0.23838
1 -11.649 0.239796
2 31.1186 0.237997
3 9.91159 0.241043
4 -17.2047 0.239472
5 13.9393 0.238609
6 18.1456 0.240103
7 12.2706 0.238699
8 25.0712 0.239785
9 -4.64163 0.237415
10 22.9824 0.238877
11 11.7476 0.23891
12 19.1766 0.237075
13 33.1156 0.239318
14 9.1165 0.235551
15 23.1886 0.237043
16 18.7447 0.237555
17 31.4288 0.239883
18 19.8679 0.234628
19 1.74465 0.239033
20 21.526 0.23689
21 -15.998 0.237304
22 25.9387 0.234353
23 16.8013 0.239386
24 -10.7084 0.238106
25 10.7952 0.234011
26 5.64898 0.235064
27 -0.265453 0.232934
28 -14.1361 0.234822
29 32.5407 0.238605
30 -10.503 0.238144
31 -4.35244 0.231429
32 -55.0757 0.24446
33 -21.76 0.242858
34 -71.3577 0.24206
35 -48.1761 0.24433
36 -41.6684 0.243073
37 -41.1014 0.243013
38 -56.0542 0.244285
39 -66.7519 0.237672
40 -53.1878 0.244898
41 -67.607 0.24264
42 -60.2128 0.241404
43 -24.5586 0.241909
44 -71.9609 0.239555
45 -32.8423 0.239152
46 -16.2743 0.238917
47 -44.9884 0.239456
48 -37.6806 0.240707
49 -56.5307 0.239261
50 -46.4705 0.240274
51 -41.8487 0.2479
52 -29.755 0.238133
53 -41.0073 0.241386
54 -56.4263 0.241162
55 -38.7395 0.238729
56 -45.2054 0.239616
57 -42.6737 0.238625
58 -25.8147 0.242202
59 -42.1212 0.238249
60 -38.138 0.242358
61 -31.088 0.238728
62 -34.3015 0.236324
63 -14.4502 0.230178
64 9.0208 0.233624
65 -1.20892 0.235075
66 -15.3174 0.237472
67 -0.228245 0.23224
68 -3.04476 0.231493
69 10.185 0.229984
70 2.823 0.229093
71 2.85238 0.236202
72 -5.7126 0.230974
73 -1.00574 0.236632
74 29.9066 0.230215
75 13.9141 0.231405
76 22.3308 0.228803
77 9.06404 0.230564
78 8.21139 0.230923
79 14.1312 0.23208
80 14.9625 0.227249
81 25.131 0.228862
82 2.42658 0.224474
83 -10.5939 0.228049
84 9.48139 0.228438
85 8.00273 0.231095
86 -13.4775 0.227997
87 10.4167 0.225693
88 10.8362 0.23033
89 -10.2316 0.227793
90 -11.9549 0.226515
91 25.2238 0.227753
92 18.6641 0.227103
93 31.3132 0.226453
94 4.70941 0.227025
