0 44.1253 0.249901
1 66.7448 0.246092
2 68.9525 0.245601
3 46.8872 0.242463
4 85.1084 0.242984
5 72.5525 0.244861
6 63.9128 0.244453
7 52.5652 0.24351
8 51.3472 0.246403
9 50.7695 0.244368
10 52.785 0.241408
11 72.8967 0.243458
12 68.2623 0.240824
13 74.8329 0.244151
14 59.8125 0.239819
15 72.7637 0.241397
16 79.5783 0.241228
17 45.9044 0.240766
18 56.1404 0.241446
19 75.1104 0.24165
20 80.9836 0.238129
21 75.1438 0.236438
22 83.2767 0.243857
23 71.3737 0.237101
24 50.3715 0.235931
25 34.3998 0.238074
26 83.5876 0.238905
27 49.3143 0.23727
28 81.9379 0.235295
29 46.4541 0.235077
30 96.1824 0.23597
31 60.6916 0.237206
32 8.83731 0.237226
33 33.0965 0.235195
34 33.8985 0.238149
35 32.3463 0.23598
36 28.5714 0.243596
37 10.3249 0.230801
38 15.5623 0.234453
39 13.5243 0.237294
40 25.7383 0.233164
41 25.8202 0.238895
42 64.0418 0.234984
43 42.6715 0.23699
44 45.3046 0.236177
45 42.2425 0.230982
46 10.6485 0.233177
47 54.7182 0.234276
48 25.4976 0.233024
49 22.2848 0.231452
50 41.2359 0.233092
51 45.7628 0.228797
52 48.4271 0.231878
53 49.5356 0.230548
54 34.1299 0.226926
55 41.0942 0.229908
56 28.7817 0.228098
57 59.4321 0.229564
58 39.9673 0.231197
59 34.6274 0.231335
60 40.616 0.233122
61 33.0123 0.223686
62 32.0201 0.228054
63 17.7843 0.225567
64 -22.2085 0.251476
65 2.15856 0.247619
66 -33.6064 0.249808
67 -32.8761 0.243429
68 3.51896 0.248602
69 -11.5957 0.245217
70 -21.9296 0.250442
71 -2.45922 0.247544
72 -1.8027 0.241412
73 -17.6437 0.24542
74 20.8617 0.250741
75 -29.9716 0.2468
76 3.73289 0.242174
77 -29.4635 0.245351
78 -5.02041 0.244998
79 -25.1042 0.242168
80 -10.4337 0.243107
81 -6.0017 0.244813
82 -19.5024 0.245726
83 -17.8984 0.240156
84 11.0315 0.241315
85 2.22055 0.24252
86 -13.1967 0.241896
87 -0.560844 0.243022
88 -7.89269 0.240414
89 -9.39797 0.241303
90 -3.66828 0.242116
91 -3.70546 0.237077
92 -28.0846 0.239581
93 8.84539 0.243161
94 -24.7293 0.240813
