0 41.252 0.234358
1 62.4256 0.229687
2 48.1076 0.234218
3 72.5065 0.230728
4 41.2661 0.234289
5 62.1505 0.234355
6 49.8552 0.233975
7 66.1644 0.22912
8 69.4174 0.229649
9 36.072 0.230812
10 57.753 0.2288
11 83.9535 0.230699
12 44.3848 0.230506
13 51.5069 0.230454
14 50.7461 0.228923
15 49.7997 0.228388
16 58.2496 0.226308
17 43.5873 0.232125
18 56.0421 0.230233
19 70.4618 0.229836
20 53.482 0.233225
21 45.7418 0.233035
22 68.5542 0.228408
23 65.3994 0.23152
24 55.2167 0.228024
25 75.925 0.22939
26 66.1423 0.226078
27 55.1137 0.228425
28 31.9935 0.228755
29 38.5129 0.227804
30 39.1612 0.228657
31 64.0509 0.225978
32 64.435 0.239308
33 54.9441 0.236959
34 32.1625 0.24155
35 62.3384 0.240878
36 32.7681 0.236751
37 30.1041 0.239109
38 32.0477 0.236094
39 45.8818 0.23604
40 52.4906 0.238403
41 30.3047 0.236567
42 52.7142 0.237189
43 33.0433 0.234829
44 48.7561 0.232351
45 31.0612 0.239953
46 21.5905 0.23615
47 37.9253 0.237176
48 49.6852 0.23488
49 63.3223 0.232522
50 64.7587 0.236177
51 50.2926 0.235922
52 34.878 0.232529
53 42.9181 0.234
54 38.6313 0.232998
55 38.6854 0.230171
56 26.2311 0.233755
57 56.8602 0.232928
58 35.6669 0.232196
59 38.4269 0.231536
60 37.0063 0.235422
61 54.4813 0.234447
62 47.269 0.232992
63 54.8386 0.232454
64 53.772 0.229157
65 69.1182 0.230266
66 33.8782 0.230088
67 59.3249 0.231477
68 38.4036 0.224362
69 57.933 0.224867
70 74.5481 0.226471
71 36.2729 0.22879
72 48.4347 0.230851
73 37.9759 0.229252
74 59.4998 0.225536
75 79.3257 0.228924
76 45.2323 0.227857
77 41.5086 0.226885
78 30.7722 0.225651
79 67.0644 0.229387
80 55.514 0.224286
81 42.7756 0.224945
82 37.4418 0.22364
83 96.3837 0.225179
84 45.8216 0.227364
85 49.4025 0.226756
86 75.839 0.227239
87 60.1978 0.225826
88 48.1844 0.22498
89 47.9635 0.227767
90 57.0801 0.224897
91 32.1505 0.224768
92 56.2502 0.223914
93 25.1602 0.223159
94 67.2279 0.220109
