0 -1.63943 0.247026
1 14.509 0.244078
2 8.16399 0.243504
3 17.9914 0.248686
4 -2.27244 0.241536
5 -19.8729 0.24274
6 -2.35527 0.242303
7 22.3832 0.247208
8 -19.8071 0.241512
9 -3.53039 0.238289
10 12.0641 0.239677
11 4.90096 0.244346
12 29.1599 0.245792
13 28.7585 0.237885
14 23.5889 0.233981
15 5.63455 0.239679
16 5.91886 0.238571
17 -12.5048 0.23858
18 35.1181 0.241615
19 24.502 0.23628
20 -8.65028 0.24011
21 5.75279 0.236987
22 30.787 0.237546
23 22.6226 0.233059
24 27.6764 0.2355
25 18.7748 0.237134
26 6.4714 0.236884
27 6.19202 0.233053
28 -2.40627 0.234047
29 24.3851 0.239334
30 23.7671 0.238902
31 13.5332 0.232761
32 -2.23942 0.24587
33 -36.1351 0.241301
34 -19.5324 0.238589
35 25.4291 0.238973
36 11.9623 0.233775
37 7.09234 0.237427
38 22.7779 0.240715
39 -10.0451 0.238874
40 -2.33103 0.233216
41 7.35158 0.240103
42 -12.3623 0.235243
43 -8.75461 0.236065
44 19.6124 0.235296
45 4.29574 0.23481
46 -27.3806 0.233739
47 6.93952 0.230171
48 -11.4916 0.228938
49 7.55762 0.234197
50 7.55558 0.231373
51 6.13929 0.231787
52 -9.11742 0.228901
53 -10.8437 0.234828
54 -28.2335 0.233862
55 -19.5175 0.234588
56 -10.6318 0.234149
57 -11.7156 0.232342
58 -16.2329 0.229494
59 16.4448 0.229695
60 -3.90627 0.230228
61 -13.9473 0.228065
62 11.1865 0.233159
63 -20.4004 0.226088
64 69.5154 0.238601
65 66.0348 0.241213
66 62.1116 0.239987
67 24.3423 0.236718
68 45.2117 0.236121
69 59.086 0.235772
70 84.8524 0.239335
71 62.3925 0.23531
72 54.6575 0.238601
73 95.6032 0.233382
74 79.2403 0.238372
75 84.2508 0.231991
76 92.6067 0.231757
77 53.7345 0.235761
78 57.336 0.23145
79 89.8915 0.229623
80 83.4324 0.234222
81 87.8574 0.228224
82 79.5706 0.227213
83 83.0589 0.228697
84 84.9531 0.236035
85 93.8566 0.233686
86 66.2398 0.232101
87 64.741 0.23345
88 80.906 0.230167
89 65.5456 0.229392
90 65.6943 0.23179
91 70.8362 0.231221
92 53.0027 0.232109
93 36.4483 0.228643
94 70.4863 0.225941
95 77.1679 0.229499
