0 11.5305 0.246064
1 -35.9009 0.238191
2 4.7664 0.24223
3 28.4224 0.243355
4 -8.34051 0.245093
5 -10.9725 0.239907
6 -54.1407 0.24296
7 -16.8893 0.244101
8 -23.8193 0.243273
9 -27.7082 0.243136
10 -16.9467 0.239447
11 -54.9032 0.238693
12 -16.1178 0.241335
13 -17.0981 0.239431
14 -42.0415 0.238525
15 -10.2787 0.242453
16 -29.811 0.239173
17 -30.6479 0.239415
18 -16.5927 0.238693
19 -25.9417 0.239045
20 -17.2394 0.241514
21 -13.4574 0.24099
22 -25.514 0.244988
23 -8.93368 0.241853
24 -16.5783 0.236307
25 -41.585 0.238435
26 -40.6678 0.238672
27 -24.8074 0.238794
28 -39.6022 0.23834
29 -30.6223 0.239101
30 -12.7935 0.239529
31 3.80405 0.236942
32 -18.09 0.239416
33 -57.2361 0.245885
34 -12.8839 0.240789
35 -31.162 0.240432
36 -28.7592 0.237339
37 -5.96702 0.243359
38 -52.3998 0.236705
39 -13.7877 0.241231
40 -14.8112 0.241874
41 -41.6791 0.241706
42 -6.24905 0.24435
43 -52.7376 0.241237
44 -12.2895 0.239096
45 -26.915 0.238024
46 -54.7699 0.235282
47 3.67318 0.237167
48 -9.905 0.241291
49 -27.6294 0.240868
50 -9.81529 0.23636
51 -33.9679 0.236594
52 -5.1934 0.241477
53 -6.42435 0.237167
54 -20.2703 0.236274
55 -27.0578 0.24103
56 -16.2516 0.244429
57 -16.7533 0.236208
58 -31.799 0.236594
59 -18.3902 0.236239
60 -42.5069 0.23735
61 -7.22088 0.238137
62 -32.2843 0.235704
63 -17.582 0.237619
64 41.5376 0.235968
65 31.9402 0.243686
66 58.0904 0.236634
67 27.2015 0.237124
68 40.5433 0.236621
69 49.073 0.240418
70 74.559 0.23956
71 18.5797 0.240085
72 49.7841 0.234187
73 43.7717 0.234366
74 37.9982 0.236511
75 50.0308 0.235776
76 63.5796 0.242313
77 47.8264 0.233225
78 42.9677 0.232949
79 28.5595 0.236943
80 30.035 0.227934
81 41.0302 0.239041
82 33.5322 0.235146
83 40.6211 0.233349
84 50.4291 0.234787
85 32.0869 0.231333
86 26.0632 0.232681
87 23.3574 0.233428
88 53.8444 0.231877
89 45.6803 0.232198
90 32.7227 0.232686
91 73.5856 0.231336
92 48.4698 0.228038
93 41.4756 0.232801
94 58.8432 0.232784
