0 25.8496 0.235453
1 32.9512 0.231232
2 21.35 0.238391
3 33.4118 0.233912
4 1.3365 0.236873
5 22.3784 0.233166
6 34.8197 0.234179
7 39.9786 0.2345
8 24.5953 0.233331
9 10.9281 0.230507
10 26.5038 0.233923
11 30.666 0.230188
12 33.9612 0.230644
13 11.3111 0.227605
14 44.8185 0.230621
15 35.7403 0.235753
16 40.6171 0.229685
17 6.17421 0.230567
18 13.3021 0.227541
19 30.9595 0.231171
20 38.4151 0.226644
21 41.9953 0.22753
22 12.5457 0.222443
23 45.5104 0.227627
24 48.0119 0.234022
25 32.7411 0.225959
26 37.832 0.225477
27 30.3624 0.224067
28 39.7684 0.221949
29 28.4972 0.226004
30 39.9299 0.226993
31 31.9282 0.225474
32 19.5325 0.237634
33 -28.1218 0.237806
34 22.6146 0.237379
35 -18.4218 0.238007
36 5.33417 0.23586
37 4.0582 0.235656
38 -2.90867 0.234502
39 7.71328 0.235752
40 14.2121 0.23755
41 -0.234412 0.236863
42 5.56939 0.237763
43 0.110131 0.234108
44 -8.31592 0.235472
45 -0.538299 0.231326
46 17.2144 0.232544
47 16.3376 0.237285
48 3.98363 0.232587
49 2.88286 0.2372
50 13.0723 0.234408
51 11.8247 0.233559
52 -2.47177 0.233657
53 28.9482 0.23339
54 20.5621 0.234315
55 2.37527 0.23251
56 -2.4416 0.233886
57 -22.0573 0.231373
58 20.5384 0.231726
59 -2.69167 0.232092
60 6.54626 0.230534
61 22.378 0.233414
62 24.3397 0.227414
63 10.841 0.226589
64 56.1744 0.237826
65 50.9166 0.240788
66 46.0589 0.244815
67 40.8659 0.239459
68 21.8204 0.240628
69 49.7294 0.241212
70 67.0268 0.238475
71 60.642 0.236029
72 52.3383 0.244033
73 55.2256 0.23712
74 63.7249 0.242012
75 58.5892 0.236969
76 39.9117 0.241663
77 46.1388 0.238858
78 30.7206 0.236282
79 57.292 0.237449
80 70.2446 0.241111
81 37.4036 0.23654
82 60.6517 0.234797
83 41.3297 0.238517
84 55.1565 0.236864
85 54.8926 0.235068
86 45.3996 0.235344
87 62.763 0.23472
88 46.0301 0.236069
89 32.0139 0.241888
90 65.354 0.239979
91 50.7882 0.238064
92 70.1149 0.23218
93 46.8146 0.233977
94 64.8371 0.235689
95 48.0781 0.235955
