0 -38.4208 0.23817
1 -45.1675 0.242978
2 -37.4795 0.241179
3 -45.8809 0.23903
4 -26.1767 0.241295
5 -15.8079 0.237947
6 -18.8282 0.243141
7 -32.9053 0.236202
8 -6.56012 0.239055
10 -51.3011 0.241382
11 -26.9716 0.240569
12 -44.1321 0.238684
13 -15.6369 0.235091
14 -15.2475 0.238785
15 6.46047 0.237342
16 -19.8133 0.238678
17 0.163801 0.238651
18 -21.5668 0.237647
19 -5.53312 0.238075
20 -9.25491 0.233477
21 -39.7004 0.236396
22 -18.9874 0.23579
23 -10.2394 0.234051
24 -29.9409 0.234098
25 -3.02326 0.234988
26 -15.4763 0.231934
27 -34.3984 0.23026
28 -45.4402 0.23244
29 -32.7088 0.231008
30 -12.7872 0.228168
31 -15.6257 0.228073
32 -4.67583 0.2377
33 -24.15 0.236011
34 -27.7018 0.236411
35 -19.4978 0.235009
36 -18.0355 0.236714
37 -27.8073 0.238349
38 -21.2238 0.235854
39 -10.3915 0.238124
40 -23.6421 0.232194
41 -0.715915 0.233419
42 -25.3245 0.236499
43 3.24303 0.234564
44 -15.5475 0.235808
45 -51.1424 0.234137
46 -27.7718 0.234446
47 -13.805 0.234582
48 -26.2855 0.237404
49 -20.5266 0.236799
50 -22.6551 0.232428
51 -15.525 0.233167
52 -25.9947 0.235366
53 -32.5373 0.230696
54 -6.87555 0.226807
55 -4.20648 0.230235
56 4.81622 0.230622
57 -34.944 0.229859
58 -6.86368 0.228606
59 6.70667 0.233409
60 -14.1917 0.23072
61 -2.70604 0.229212
62 -8.92152 0.226859
63 6.326 0.225211
64 38.0857 0.246593
65 38.9758 0.244602
66 4.21179 0.241338
67 13.2623 0.243199
68 42.0437 0.235312
69 33.2492 0.241429
70 23.2142 0.240729
71 8.14938 0.241297
72 51.4763 0.240398
73 7.49234 0.236379
74 18.6258 0.24076
75 49.2947 0.238437
76 30.3102 0.24668
77 34.2208 0.240167
78 -4.67629 0.24085
79 20.7534 0.236754
80 23.2114 0.24358
81 14.7014 0.238959
82 33.7388 0.238675
83 33.9613 0.23621
84 40.2262 0.238491
85 41.9972 0.238069
86 22.8292 0.24122
87 40.2356 0.239823
88 49.8244 0.236703
89 31.0735 0.242682
90 26.2395 0.237358
91 29.2137 0.237287
92 10.6813 0.23685
93 56.1561 0.236612
94 16.2284 0.239789
95 31.8113 0.23404
