0 -5.51261 0.242762
1 -30.1579 0.243587
2 -12.9241 0.245393
3 -19.8065 0.24626
4 -26.2348 0.243523
5 -24.2665 0.243917
6 -27.8855 0.244011
7 -15.0404 0.243758
8 -16.3514 0.244049
9 -7.42786 0.24302
10 -23.2542 0.239404
11 -22.3757 0.24354
12 -12.6514 0.24233
13 -59.7806 0.239539
14 -33.8169 0.247565
15 -22.7995 0.238979
16 -40.3629 0.240819
17 -49.6478 0.239581
18 -17.6245 0.236635
19 -1.06918 0.23774
20 -15.5922 0.234316
21 -7.76637 0.240049
22 -28.445 0.238944
23 -4.46141 0.237611
24 -6.47797 0.237062
25 -21.4424 0.23367
26 -11.7694 0.234651
27 -12.7438 0.239855
28 -25.0927 0.237699
29 7.77546 0.235188
30 0.462536 0.240866
31 -28.8279 0.232663
32 -31.7436 0.240942
33 -42.1614 0.23856
34 -20.5987 0.239381
35 -50.4966 0.237198
36 -34.0152 0.242299
37 -30.7673 0.235078
38 -33.8798 0.233198
39 -53.4003 0.239352
40 -26.6833 0.234451
41 -11.6936 0.233871
42 -37.2983 0.233783
43 -40.2522 0.234383
44 -50.1579 0.232826
45 -33.1666 0.238845
46 -27.9543 0.231471
47 -51.9861 0.23678
48 -47.3035 0.238495
49 -43.2289 0.232966
50 -24.9875 0.232205
51 -31.4944 0.2334
52 -52.0886 0.237961
53 -16.6152 0.233352
54 -50.4589 0.238699
55 -14.1887 0.233929
56 -33.7075 0.228093
57 -36.963 0.230395
58 -17.2446 0.229921
59 -29.624 0.228578
60 -43.6686 0.231342
61 -37.2413 0.232006
62 -36.5791 0.227931
63 -27.8499 0.228101
64 24.9064 0.244024
65 7.8056 0.243004
66 -0.0636209 0.242193
67 7.57143 0.243738
68 14.1637 0.246383
69 12.6243 0.241151
70 27.7535 0.243943
71 40.2011 0.242086
72 11.2525 0.24581
73 -1.51281 0.241157
74 27.2853 0.241084
75 26.5465 0.24281
76 19.3891 0.245322
77 15.8379 0.240403
78 28.7592 0.233586
79 13.5605 0.241202
80 46.0995 0.238921
81 18.754 0.243581
82 -1.18808 0.241187
83 46.8768 0.24034
84 24.1735 0.238713
85 10.332 0.235081
86 12.9366 0.235701
87 15.395 0.238421
88 26.4037 0.238443
89 39.1323 0.23359
90 52.8905 0.239294
91 14.0414 0.231897
92 49.246 0.236407
93 33.463 0.232541
94 43.2952 0.238909
