0 9.07895 0.238327
1 -5.26254 0.237659
2 -3.39992 0.235071
3 -10.4991 0.237787
4 20.0826 0.239459
5 -3.78537 0.237519
6 -14.6646 0.235048
7 9.04837 0.239198
8 17.5356 0.24035
9 9.38506 0.237983
10 0.334559 0.235333
11 -16.8893 0.231817
12 19.2463 0.233131
13 0.0349585 0.232252
14 -2.0315 0.234606
15 28.8058 0.231839
16 8.34142 0.232809
17 11.1642 0.233643
18 -3.47434 0.232651
19 13.256 0.228573
20 1.49656 0.233227
21 -13.8312 0.233942
22 43.557 0.229579
23 22.0004 0.236257
24 -3.20682 0.235492
25 4.39134 0.234607
26 5.96039 0.229733
27 12.9089 0.227789
28 9.55095 0.232694
29 -0.80291 0.230537
30 14.0983 0.234306
31 -2.29973 0.22531
32 36.5931 0.240041
33 8.84663 0.244531
34 -16.3631 0.234768
35 13.4877 0.242456
36 -8.45435 0.23957
37 9.92165 0.240048
38 -13.1839 0.238851
39 -14.7249 0.235761
40 33.043 0.23463
41 15.5655 0.240645
42 -14.7003 0.23853
43 5.49433 0.23246
44 -10.4431 0.243264
45 37.0238 0.234666
46 23.9029 0.234957
47 4.40087 0.237246
48 16.7923 0.230246
49 -0.378859 0.235955
50 27.2983 0.233647
51 -5.14652 0.238413
52 24.5209 0.235955
53 14.6918 0.234256
54 -18.6003 0.237527
55 -7.44085 0.232256
56 20.1149 0.235298
57 7.49112 0.231635
58 -14.293 0.238332
59 0.611064 0.23314
60 17.1789 0.237294
61 -12.7373 0.233382
62 9.12781 0.234159
63 -2.72806 0.229877
64 -10.7486 0.246174
65 -15.2123 0.246522
66 -33.3404 0.24488
67 -34.2807 0.246709
68 -33.9616 0.245906
69 -19.6192 0.245285
70 -25.8629 0.248689
71 -17.3248 0.246637
72 -16.9556 0.244956
73 -17.4382 0.244251
74 -29.8602 0.241063
75 -27.0735 0.24522
76 -6.9328 0.244981
77 -47.9009 0.245226
78 -23.4126 0.239357
79 -59.8666 0.243514
80 -27.0871 0.240847
81 4.94455 0.246085
82 -45.8938 0.238017
83 -33.6169 0.244653
84 -28.3114 0.24149
85 -0.476647 0.24137
86 -16.512 0.239913
87 -54.5633 0.239626
88 -13.2253 0.238333
89 -10.1703 0.24433
90 -16.7157 0.242495
91 -33.8285 0.24821
92 -20.3261 0.245287
93 8.20464 0.244645
94 -5.76839 0.240487
