0 -66.3139 0.241173
1 -38.3544 0.237873
2 -60.1876 0.234628
3 -51.1963 0.240217
4 -57.486 0.241814
5 -28.7149 0.24149
6 -68.8193 0.241533
7 -48.4864 0.240463
8 -46.8057 0.236579
9 -81.9235 0.237393
10 -85.1604 0.234677
11 -73.4404 0.235039
12 -97.8327 0.235799
13 -41.3097 0.236067
14 -68.5837 0.235653
15 -96.39 0.236464
16 -83.3954 0.234668
17 -34.0259 0.236992
18 -56.7588 0.233843
19 -86.4735 0.236984
20 -47.1075 0.238722
21 -38.0144 0.236212
22 -59.9462 0.233582
23 -24.8123 0.234222
24 -40.1394 0.235104
25 -54.0207 0.233549
26 -72.6563 0.230256
27 -67.1716 0.234192
28 -62.2368 0.235038
29 -46.9995 0.235497
30 -41.4326 0.236084
31 -40.1563 0.230756
32 11.8423 0.238262
33 24.9799 0.240026
34 -11.2428 0.235034
35 31.025 0.236282
36 31.6602 0.240471
37 -3.56567 0.235117
38 7.48744 0.233934
39 22.3524 0.237596
40 42.8651 0.239325
41 44.0045 0.236211
42 -0.423636 0.236073
43 25.4662 0.236891
44 29.6053 0.237161
45 22.0792 0.236114
46 -7.65557 0.233923
47 9.56009 0.23755
48 17.7631 0.235294
49 28.8457 0.233555
50 19.7665 0.23182
51 46.4559 0.235441
52 19.44 0.23678
53 20.1019 0.236678
54 27.6003 0.236704
55 36.195 0.234766
56 31.4167 0.230535
57 39.2533 0.233896
58 39.2221 0.233701
59 23.3919 0.228336
60 20.1081 0.233693
61 19.3941 0.235769
62 23.6545 0.232932
63 34.1258 0.231119
64 33.7477 0.245489
65 19.1451 0.246614
66 -15.9089 0.248004
67 -2.15535 0.245914
68 14.1532 0.247289
69 34.2307 0.244331
70 16.2095 0.242183
71 9.93671 0.240323
72 22.7612 0.242014
73 14.3648 0.244208
74 11.3918 0.244457
75 33.1452 0.243634
76 25.853 0.24096
77 7.42628 0.23771
78 10.9429 0.241865
79 5.99801 0.243674
80 24.6802 0.242694
81 20.8663 0.239764
82 23.7237 0.245426
83 32.0307 0.245711
84 11.4545 0.24098
85 25.4544 0.24503
86 37.5266 0.241068
87 26.7232 0.241737
88 49.4582 0.239527
89 32.6653 0.233602
90 66.1873 0.236771
91 34.2439 0.238935
92 13.6622 0.234663
93 29.1674 0.238147
94 24.587 0.239698
