0 -3.90134 0.243538
1 -19.5978 0.241256
2 -42.3938 0.24551
3 -14.0511 0.247061
4 -29.3388 0.249807
5 -29.7781 0.245467
6 -28.4504 0.244277
7 -28.3716 0.245146
8 -20.2428 0.245915
9 -43.6597 0.244876
10 -60.6635 0.244492
11 1.13843 0.23753
12 -26.0871 0.241372
13 -12.1635 0.240453
14 -28.5596 0.240142
15 -4.32851 0.238552
16 -4.23211 0.239528
17 -25.8944 0.23858
18 -3.02054 0.240246
19 -31.0331 0.238026
20 10.1462 0.237563
21 -37.1209 0.238127
22 -5.11581 0.236815
23 -26.3753 0.235968
24 -40.1477 0.236919
25 -11.6135 0.236447
26 -14.1362 0.237143
27 0.103199 0.234988
28 -9.28669 0.2375
29 9.60922 0.240216
30 -27.2064 0.238602
31 -1.57456 0.237833
32 -73.6108 0.24566
33 -92.0515 0.244402
34 -92.7409 0.243657
35 -67.1885 0.243667
36 -101.812 0.243915
37 -109.514 0.242613
38 -99.3764 0.239977
39 -70.1835 0.243636
40 -72.4757 0.238129
41 -90.7889 0.239125
42 -67.7848 0.243118
43 -96.1962 0.240224
44 -103.076 0.240161
45 -88.2885 0.240021
46 -95.3139 0.24043
47 -50.9804 0.239047
48 -83.1978 0.240668
49 -89.8963 0.236161
50 -124.022 0.23912
51 -65.9619 0.234886
52 -115.168 0.238228
53 -81.9907 0.236608
54 -76.4449 0.240115
55 -87.4293 0.238732
56 -87.4298 0.234307
57 -65.5397 0.239607
58 -80.0898 0.236951
59 -71.7674 0.239846
60 -97.1195 0.237999
61 -53.6713 0.235475
62 -81.9774 0.237896
63 -97.0489 0.238247
64 3.00382 0.239581
65 -33.7529 0.241228
66 6.57612 0.241843
67 -55.8822 0.243631
68 -43.1124 0.233025
69 -3.0289 0.246651
70 -14.918 0.239305
71 -47.0153 0.238835
72 -25.4488 0.241281
73 -36.966 0.23609
74 -17.2038 0.235341
75 -26.8774 0.240345
76 -40.8134 0.240621
77 -42.4984 0.239502
78 -39.7328 0.235717
79 -22.4575 0.233501
80 -21.3718 0.237879
81 -38.8704 0.238367
82 -39.3776 0.240319
83 -42.9335 0.237649
84 -16.6066 0.240185
85 -34.4991 0.238164
86 -31.9998 0.242573
87 -37.5199 0.238894
88 -32.681 0.236465
89 -25.8322 0.237569
90 10.0274 0.236547
91 -28.0168 0.236672
92 0.827613 0.23833
93 -18.8761 0.240006
94 -25.7801 0.235259
95 -20.0705 0.246468
