0 -74.164 0.251035
1 -50.0947 0.248646
2 -37.8714 0.250282
3 -68.2013 0.247932
4 -97.6697 0.247387
5 -44.8813 0.250938
6 -92.5181 0.251205
7 -83.8161 0.247103
8 -66.5106 0.245481
9 -49.1115 0.245304
10 -56.8076 0.249629
11 -54.7126 0.247931
12 -52.6388 0.246748
13 -39.9283 0.247025
14 -47.8453 0.244489
15 -76.462 0.2447
16 -183.858 0.414634
17 -148.842 0.36036
18 -116.562 0.412819
19 -128.779 0.392018
20 -121.394 0.383929
21 -107.541 0.409854
22 -108.926 0.407248
23 -101.059 0.422602
24 -113.106 0.40043
25 -113.106 0.40043
26 -115.004 0.396885
27 -111.219 0.404076
28 -112.708 0.401219
29 -99.8041 0.426552
30 -99.8041 0.426552
31 -99.8041 0.426552
32 -13.7974 0.244033
33 -49.6104 0.243135
34 -69.294 0.246655
35 -49.3473 0.246363
36 -37.8839 0.244831
37 -46.74 0.242699
38 -38.7763 0.247721
39 -45.2952 0.2451
40 -32.4891 0.246905
41 -46.132 0.24191
42 -25.6272 0.247527
43 -63.0443 0.245505
44 -30.7932 0.245476
45 -57.7099 0.248174
46 -35.0958 0.24373
47 -51.2657 0.248623
48 -65.0677 0.246657
49 -51.3729 0.246349
50 -30.6906 0.243022
51 -43.7467 0.241542
52 -25.499 0.243087
53 -52.7065 0.246549
54 -63.9546 0.240587
55 -33.2384 0.240862
56 -52.8763 0.242852
57 -45.6375 0.244092
58 -50.586 0.241472
59 -52.1048 0.245838
60 -37.062 0.243073
61 -35.6336 0.240608
62 -54.7982 0.238314
63 -57.1921 0.242478
64 10.4738 0.234883
65 18.4821 0.235431
66 19.7027 0.237395
67 13.6753 0.239578
68 28.7016 0.236896
69 13.0499 0.234198
70 27.8529 0.236814
71 17.8156 0.237482
72 20.3692 0.233277
73 3.24543 0.23846
74 35.7385 0.239542
75 8.16448 0.23691
76 31.8869 0.236597
77 16.4874 0.237702
78 17.0427 0.236864
79 18.8896 0.235273
80 27.6596 0.23611
81 25.625 0.235637
82 9.82495 0.232646
83 33.4458 0.229682
84 23.1478 0.2323
85 21.5578 0.236747
86 11.42 0.232435
87 18.9033 0.233507
88 40.4932 0.233579
89 1.84131 0.237403
90 20.0022 0.226933
91 22.7412 0.233102
92 18.3257 0.230219
93 12.0503 0.22968
94 -20.1927 0.235328
95 34.5038 0.231684
