0 -27.1353 0.241516
1 -24.1303 0.236381
2 -9.36306 0.240255
3 -22.459 0.238244
4 -15.7746 0.238152
5 -15.6694 0.243785
6 -12.8409 0.239833
7 -11.9398 0.237798
8 -29.1528 0.239444
9 -8.804 0.235474
10 -23.0513 0.240043
11 8.52853 0.237076
12 -28.2361 0.237699
13 -13.3667 0.237893
14 -22.8038 0.24299
15 -0.812966 0.237514
16 -38.4714 0.234028
17 -8.93548 0.235827
18 -25.914 0.23572
19 -13.359 0.233081
20 -27.3778 0.236925
21 -8.12324 0.238006
22 16.2114 0.236632
23 22.1072 0.231842
24 -17.3621 0.231204
25 5.29566 0.233335
26 -14.3125 0.234229
27 -15.6791 0.231701
28 -13.8395 0.232624
29 -8.30009 0.232669
30 11.0598 0.234581
31 -22.5596 0.22618
32 12.9628 0.236205
33 4.96331 0.23455
34 13.2176 0.242478
35 -25.9061 0.238617
36 -21.4451 0.237941
37 2.63182 0.23449
38 -14.7888 0.23507
39 7.39392 0.234826
40 -14.3641 0.242536
41 -2.19251 0.231899
42 -30.0592 0.236943
43 -45.3189 0.234944
44 -13.1389 0.234368
45 9.84958 0.235199
46 -4.33821 0.232184
47 -31.8174 0.232956
48 -13.1348 0.234164
49 -13.1226 0.233771
50 -6.93819 0.232271
51 35.0125 0.233888
52 -26.303 0.230947
53 -9.86101 0.2342
54 12.6049 0.233432
55 6.15472 0.232769
56 -18.2199 0.230827
57 -16.2418 0.231551
58 -34.6773 0.229392
59 31.6286 0.231768
60 23.4234 0.234535
61 -27.3071 0.2325
62 -7.57345 0.227872
63 -18.2853 0.229884
64 -1.24028 0.232428
65 -23.2687 0.236188
66 12.3567 0.233337
67 -8.5639 0.237237
68 -0.401238 0.233755
69 -31.9247 0.232236
70 -10.7036 0.2346
71 14.962 0.232419
72 -17.523 0.230987
73 -22.0796 0.233825
74 -1.88083 0.228407
75 14.5817 0.230006
76 -23.985 0.226514
77 2.64343 0.23329
78 -13.6746 0.229959
79 4.72059 0.230125
80 -14.0866 0.227293
81 -1.90281 0.231107
82 13.2491 0.228176
83 2.44667 0.227342
84 -5.39493 0.228305
85 -12.7542 0.233041
86 2.71198 0.228652
87 -15.7352 0.228657
88 -19.7878 0.231831
89 13.9571 0.230504
90 12.5965 0.228881
91 -9.54363 0.22355
92 4.95855 0.227238
93 7.81429 0.227717
94 7.01796 0.228269
