0 2.91618 0.244996
1 -26.6649 0.245825
2 -0.312207 0.242728
3 18.2627 0.243387
4 3.23849 0.242604
5 -6.16573 0.243867
6 11.9172 0.244285
7 11.4901 0.243791
8 -10.689 0.241907
9 -5.03375 0.243452
10 -7.23278 0.242886
11 -28.2658 0.239747
12 -0.32993 0.245977
13 -16.23 0.241524
14 3.38716 0.236243
15 -12.6818 0.243616
16 3.00998 0.237879
17 2.11944 0.243098
18 0.944754 0.237633
19 8.58033 0.246202
20 2.51324 0.238534
21 -6.98426 0.241235
22 -16.6564 0.240744
23 -17.9784 0.23928
24 -6.40189 0.238696
25 24.2946 0.240567
26 -11.3476 0.235366
27 26.3509 0.235389
28 8.98362 0.237261
29 -23.5393 0.240093
30 -12.9795 0.239175
31 -2.25296 0.235181
32 8.21682 0.238628
33 -7.24066 0.239604
34 31.1273 0.238584
35 -0.0917659 0.239719
36 -6.81556 0.237346
37 11.2947 0.236015
38 19.8173 0.23778
39 13.5367 0.234518
40 -17.1165 0.23803
41 40.0522 0.235766
42 8.78601 0.233673
43 18.0732 0.237665
44 14.3845 0.237382
45 9.90438 0.238042
46 -5.96963 0.240097
47 10.0373 0.235953
48 -8.26426 0.23776
49 7.83094 0.235136
50 18.3469 0.240382
51 -2.54558 0.235598
52 20.8755 0.235424
53 20.1472 0.231481
54 14.0929 0.232659
55 31.4113 0.236756
56 48.3553 0.236918
57 46.5792 0.235045
58 24.7611 0.235245
59 33.9607 0.235541
60 6.00304 0.233893
61 8.609 0.233452
62 32.9105 0.232184
63 35.8502 0.231294
64 62.4365 0.229273
65 53.5557 0.232907
66 56.6806 0.232643
67 43.1329 0.233362
68 44.8248 0.234899
69 12.9627 0.233833
70 52.3289 0.229158
71 55.8699 0.227183
72 101.725 0.23399
73 49.7444 0.228931
74 59.3154 0.2264
75 22.6825 0.231832
76 50.9485 0.229152
77 31.6116 0.231317
78 51.1455 0.229742
79 54.55 0.235814
80 36.2772 0.225908
81 40.6341 0.227837
82 33.9396 0.228492
83 50.9133 0.228513
84 23.532 0.228823
85 35.3572 0.230673
86 63.1544 0.231172
87 38.2274 0.230299
88 45.243 0.228321
89 59.4806 0.228028
90 27.8633 0.228364
91 49.8517 0.227414
92 29.5952 0.229413
93 51.5729 0.227212
94 39.7787 0.224238
