0 -3.17527 0.242907
1 12.4925 0.24118
2 26.6757 0.2411
3 2.17695 0.239747
4 21.0495 0.244324
5 51.7636 0.239598
6 18.2078 0.23415
7 8.10197 0.237459
8 29.335 0.240566
9 11.2682 0.240008
10 34.322 0.235584
11 31.5226 0.233237
12 28.0208 0.235606
13 18.1666 0.23727
14 41.5796 0.237243
15 45.4522 0.235437
16 21.6888 0.233638
17 34.8759 0.239096
18 45.8725 0.235129
19 49.5809 0.236016
20 9.97327 0.234579
21 30.3772 0.235656
22 27.7777 0.241017
23 7.0547 0.234116
24 30.6762 0.232932
25 17.6756 0.233409
26 27.1781 0.237943
27 26.5158 0.235915
28 36.0152 0.233867
29 34.898 0.236735
30 15.0945 0.234275
31 27.994 0.230603
32 49.7523 0.237154
33 56.3532 0.236414
34 65.0281 0.238892
35 79.9705 0.231384
36 61.5156 0.23557
37 91.8324 0.233024
38 68.2975 0.234565
39 22.9741 0.237076
40 50.1021 0.233969
41 72.8336 0.233089
42 51.0168 0.23688
43 83.7801 0.233072
44 50.3072 0.233006
45 33.2855 0.231851
46 33.536 0.232764
47 75.5637 0.229439
48 70.9495 0.224734
49 47.4539 0.229397
50 74.4378 0.232306
51 74.1341 0.229663
52 61.591 0.231522
53 67.2422 0.231175
54 72.2123 0.232048
55 63.8582 0.237006
56 67.8707 0.227415
57 80.5828 0.230152
58 62.4659 0.23109
59 80.3428 0.233236
60 61.0884 0.230153
61 83.708 0.226778
62 55.1875 0.232803
63 63.8049 0.225216
64 66.8688 0.234115
65 31.2017 0.231513
66 63.8658 0.228674
67 57.9104 0.228852
68 48.8486 0.229825
69 53.5815 0.233025
70 66.93 0.231093
71 62.2508 0.231703
72 57.7819 0.233088
73 47.0841 0.230498
74 36.8645 0.226598
75 51.2427 0.228076
76 53.7221 0.228764
77 65.8661 0.230494
78 36.7501 0.230332
79 60.581 0.228593
80 41.0749 0.230799
81 46.8471 0.230816
82 58.7856 0.227724
83 48.4948 0.228057
84 68.6357 0.231026
85 52.3329 0.227935
86 49.95 0.229684
87 60.5696 0.228945
88 45.2757 0.228164
89 52.4884 0.228227
90 52.7335 0.230243
91 74.5486 0.230972
92 39.8238 0.227181
93 60.4931 0.226125
94 40.4976 0.226756
