0 6.88059 0.241897
1 1.46814 0.237457
2 40.1135 0.242527
3 10.5216 0.239342
4 10.7604 0.238202
5 6.77271 0.238108
6 17.7757 0.239482
7 12.2841 0.240184
8 -1.22899 0.238477
9 14.8537 0.231137
10 -9.5108 0.235764
11 26.7902 0.238275
12 -0.624588 0.236597
13 6.85527 0.239283
14 -8.59615 0.240316
15 37.4098 0.234861
16 3.32715 0.235356
17 22.0769 0.238537
18 2.53356 0.236354
19 15.0038 0.233427
20 11.5176 0.231082
21 27.3823 0.234393
22 12.7489 0.238023
23 10.0317 0.234422
24 0.872527 0.237343
25 34.7885 0.235947
26 30.3689 0.234148
27 -0.288902 0.233866
28 -6.96007 0.232249
29 27.1533 0.229153
30 6.06696 0.229107
31 40.4648 0.22692
32 -24.0968 0.244794
33 -17.9465 0.242705
34 3.33262 0.233842
35 14.7279 0.233546
36 3.26953 0.239966
37 -0.0172605 0.238811
38 -8.94686 0.23713
39 -8.80198 0.23841
40 21.9728 0.238858
41 1.86909 0.241236
42 -5.46491 0.236919
43 -14.4438 0.240789
44 -18.2407 0.236692
45 18.4725 0.239397
46 37.478 0.239804
47 8.69598 0.237013
48 0.542464 0.236897
49 -0.226099 0.239957
50 12.5236 0.23652
51 -6.7986 0.235655
52 2.33768 0.2354
53 -4.95866 0.234345
54 -5.79207 0.234986
55 -11.9678 0.233331
56 28.5301 0.23657
57 -22.8057 0.235925
58 -4.38268 0.235213
59 -9.70301 0.231796
60 5.94848 0.230562
61 41.8006 0.23102
62 18.4564 0.229426
63 2.35779 0.228369
64 -12.0758 0.240921
65 -20.7064 0.240011
66 -17.4569 0.242537
67 -5.11279 0.240973
68 -25.835 0.241189
69 -20.1552 0.240077
70 -19.3487 0.236217
71 -4.65768 0.236977
72 -11.5872 0.239156
73 -7.11136 0.238527
74 -39.2887 0.237877
75 -9.52818 0.237733
76 -1.95079 0.235891
77 -31.0393 0.236362
78 -22.6335 0.236422
79 -16.1664 0.234731
80 -15.5894 0.233626
81 1.53053 0.235923
82 -30.8122 0.234152
83 -27.9296 0.235862
84 -12.2818 0.24017
85 -26.3543 0.235818
86 -22.4712 0.235161
87 -1.57827 0.235941
88 -35.0234 0.235594
89 -22.9187 0.235143
90 -6.99524 0.230964
91 6.29582 0.233517
92 4.80655 0.237932
93 -15.0679 0.240136
94 -16.3999 0.232703
95 -59.1507 0.233173
