0 -36.8984 0.252908
1 -54.645 0.248031
2 -37.8113 0.252251
3 -8.40706 0.255228
4 -22.4656 0.255485
5 -53.3006 0.25444
6 -57.8973 0.252938
7 -56.4514 0.253181
8 -38.2847 0.249984
9 -57.5314 0.252362
10 -27.6212 0.252991
11 -62.0845 0.247472
12 -24.1827 0.251063
13 -48.2223 0.253563
14 -25.9045 0.251689
15 -21.2368 0.252707
16 -32.6097 0.245793
17 -26.1349 0.25246
18 -62.0004 0.247496
19 -55.4554 0.252249
20 -17.1575 0.248348
21 -63.8583 0.250449
22 -37.2885 0.2527
23 -51.8892 0.246598
24 -46.474 0.247802
25 -24.9448 0.249283
26 -37.7829 0.248955
27 -43.2228 0.246033
28 -41.7349 0.245724
29 -28.3295 0.25126
30 -14.8384 0.244967
31 -51.5167 0.241699
32 4.04602 0.251375
33 -8.93453 0.243939
34 5.85739 0.239066
35 11.1317 0.246245
36 -2.32074 0.246256
37 13.2808 0.243634
38 -35.9403 0.244098
39 33.9286 0.24847
40 -21.0303 0.244675
41 8.92109 0.243154
42 3.63859 0.247249
43 -27.1365 0.241362
44 -13.8721 0.242873
45 0.412099 0.239181
46 9.65371 0.23943
47 -39.3038 0.239099
48 1.6265 0.243812
49 21.264 0.242502
50 -5.69384 0.244635
51 -11.5242 0.236776
52 0.331672 0.241115
53 3.89253 0.239634
54 10.2247 0.240008
55 2.71589 0.235123
56 7.80855 0.237344
57 31.0487 0.236022
58 -38.7204 0.236122
59 -6.22892 0.233871
60 -5.46851 0.240708
61 11.7712 0.239207
62 14.4254 0.235038
63 -3.84203 0.231464
64 -48.0102 0.258877
65 -28.352 0.257243
66 -39.5678 0.257191
67 -13.3622 0.255975
68 -20.3871 0.256369
69 -1.15683 0.256284
70 -41.9428 0.256702
71 -20.537 0.25666
72 -51.5991 0.255537
73 -4.89358 0.26194
74 -15.1899 0.254025
75 -37.9755 0.253623
76 6.80677 0.257357
77 -29.676 0.251361
78 -21.225 0.257163
79 -21.6111 0.258942
80 -29.5796 0.254808
81 -16.1737 0.253515
82 -14.8152 0.254837
83 -28.493 0.251493
84 -15.6891 0.250241
85 -26.7367 0.256455
86 -10.729 0.252884
87 -29.3726 0.253744
88 -8.92343 0.257196
89 -32.7583 0.251562
90 -15.2173 0.25306
91 -41.9139 0.251892
92 -27.2803 0.251991
93 4.52634 0.240562
94 -20.3143 0.24847
