0 35.7024 0.243313
1 12.5484 0.238156
2 23.4378 0.237736
3 34.6999 0.240118
4 9.4248 0.236965
5 25.4325 0.244687
6 26.9958 0.242295
7 13.8674 0.238883
8 28.8616 0.238008
9 25.6455 0.242843
10 16.5147 0.239327
11 15.8296 0.238217
12 31.5557 0.239385
13 -5.69095 0.238951
14 0.143171 0.238818
15 -2.9797 0.237043
16 -2.00935 0.232537
17 45.5349 0.236866
18 40.0834 0.234607
19 31.856 0.235004
20 22.8389 0.231231
21 9.91885 0.237585
22 23.1226 0.236578
23 28.9646 0.234162
24 19.966 0.235227
25 42.6009 0.235869
26 5.50163 0.23438
27 11.4564 0.231852
28 26.178 0.230969
29 37.8886 0.234335
30 13.4246 0.232126
31 26.2604 0.226804
32 9.3904 0.253701
33 -4.46089 0.248744
34 -5.72535 0.247092
35 -7.45188 0.251921
36 -3.42602 0.252743
37 3.75979 0.251585
38 0.161542 0.242528
39 -9.7051 0.247288
40 -23.1645 0.245629
41 -31.4831 0.249164
42 17.9335 0.247448
43 -8.80407 0.244936
44 -17.7222 0.245499
45 4.34543 0.247713
46 14.7959 0.242644
47 -23.8907 0.248132
48 0.537285 0.244657
49 -19.9542 0.248698
50 7.26831 0.242349
51 -0.0406493 0.241821
52 9.03589 0.243107
53 14.4789 0.246953
54 8.01623 0.241322
55 4.35217 0.241037
56 4.06516 0.243521
57 0.580243 0.239606
58 -23.5863 0.243232
59 2.85101 0.240666
60 -25.0698 0.242711
61 5.68489 0.236819
62 0.0601092 0.244895
63 -24.8577 0.239831
64 73.211 0.245405
65 54.7842 0.243174
66 72.646 0.242403
67 62.7942 0.244733
68 82.4404 0.238145
69 83.775 0.241856
70 59.2463 0.236637
71 50.5229 0.24371
72 77.0952 0.236848
73 75.8316 0.242326
74 27.7424 0.240514
75 52.1468 0.240255
76 74.6315 0.240084
77 43.7055 0.23733
78 37.0118 0.238576
79 40.4597 0.238972
80 51.5491 0.236511
81 50.5627 0.241354
82 61.8001 0.236982
83 45.7698 0.237941
84 64.4567 0.240357
85 83.9455 0.234766
86 56.5637 0.23801
87 81.8676 0.238907
88 67.872 0.238465
89 48.2032 0.240805
90 55.2225 0.235547
91 75.7416 0.237647
92 69.436 0.237382
93 53.8316 0.241199
94 66.7643 0.237955
