0 17.523 0.249893
1 1.82319 0.243783
2 12.8793 0.243833
3 13.8796 0.246398
4 26.7521 0.249001
5 22.5616 0.247619
6 12.9721 0.247327
7 5.77079 0.245006
8 27.8621 0.244412
9 -2.77016 0.24244
10 24.7 0.240973
11 38.3313 0.243372
12 -7.1207 0.244536
13 4.23309 0.241305
14 39.0879 0.241305
15 34.7729 0.240668
16 17.0625 0.236325
17 37.9109 0.237944
18 27.2808 0.238692
19 34.3195 0.2393
20 -12.6793 0.242521
21 10.3925 0.236064
22 18.1056 0.239897
23 16.7814 0.241853
24 29.5801 0.237078
25 12.7457 0.242088
26 10.3044 0.238821
27 4.21164 0.237928
28 1.03187 0.236262
29 25.7195 0.238636
30 -11.2379 0.234064
31 14.8493 0.236355
32 -0.443174 0.232893
33 -1.82553 0.23744
34 -3.24224 0.232545
35 27.435 0.233602
36 24.5766 0.238956
37 34.5811 0.23345
38 -22.8192 0.229904
39 10.9775 0.23343
40 26.0172 0.235004
41 21.4623 0.235215
42 -6.04942 0.231988
43 6.2721 0.230585
44 23.0893 0.237264
45 39.0615 0.232851
46 -7.93957 0.234264
47 32.4269 0.230559
48 32.295 0.228077
49 36.5996 0.232704
50 -1.15981 0.229523
51 1.99114 0.230587
52 34.1775 0.229689
53 22.3835 0.228994
54 26.3084 0.233503
55 7.21026 0.228159
56 19.274 0.228415
57 47.4295 0.230689
58 1.35349 0.225008
59 21.6562 0.227504
60 -2.16563 0.225285
61 8.75074 0.228902
62 34.6113 0.226111
63 9.52105 0.222238
64 -0.583927 0.24084
65 -4.69954 0.241824
66 22.1501 0.243419
67 9.54618 0.237425
68 -21.3271 0.238554
69 -16.6314 0.240586
70 -23.9137 0.239321
71 8.80763 0.234457
72 27.9207 0.234505
73 -3.9269 0.23568
74 -3.08517 0.236609
75 7.23567 0.23668
76 -12.8732 0.232745
77 -17.1584 0.233271
78 -4.97387 0.231264
79 6.73364 0.236476
80 -32.323 0.229273
81 -0.258393 0.232333
82 0.901231 0.232244
83 12.9826 0.231787
84 3.04874 0.236161
85 -4.34466 0.231246
86 2.52418 0.232313
87 -10.673 0.235695
88 -26.5197 0.235793
89 -3.47894 0.233389
90 8.31669 0.234904
91 6.65236 0.2339
92 -29.9114 0.234433
93 -21.4364 0.229372
94 -6.19686 0.235638
95 19.3164 0.2311
