0 -12.7254 0.24594
1 -1.65366 0.2441
2 10.6113 0.246202
3 -26.3864 0.241587
4 -12.4993 0.240959
5 -5.32188 0.24009
6 -28.9087 0.242473
7 -2.51724 0.241196
8 -6.72102 0.237603
9 13.194 0.239268
10 15.1521 0.24149
11 -7.30196 0.237221
12 12.8765 0.237198
13 -4.65135 0.239972
14 7.6864 0.241536
15 8.03388 0.235537
16 18.9947 0.237502
17 -5.55669 0.237392
18 8.25959 0.233567
19 -6.33526 0.239108
20 8.86107 0.234273
21 2.39092 0.232495
22 4.18028 0.237612
23 -30.6696 0.235048
24 -1.02787 0.234928
25 39.8294 0.236261
26 5.56641 0.234317
27 17.4709 0.231958
28 -24.6578 0.233458
29 0.433903 0.23642
30 -6.57822 0.235978
31 1.19915 0.237136
32 51.2973 0.249247
33 -1.59245 0.250148
34 58.8648 0.245277
35 16.3166 0.248435
36 26.6388 0.246257
37 30.0152 0.242229
38 39.9716 0.24587
39 32.8607 0.245347
40 26.8676 0.248142
41 16.2062 0.240085
42 48.1742 0.243483
43 29.4098 0.244824
44 39.2597 0.240959
45 14.094 0.240776
46 15.7322 0.2458
47 20.1499 0.245091
48 45.8093 0.246653
49 22.2716 0.242378
50 43.033 0.239972
51 44.3743 0.245034
52 17.9014 0.242526
53 26.3232 0.237542
54 29.1933 0.237664
55 46.7219 0.240752
56 30.1356 0.238225
57 19.955 0.240822
58 24.665 0.237262
59 21.6251 0.245122
60 34.6821 0.244244
61 38.1515 0.239731
62 21.9879 0.238406
63 25.6725 0.237827
64 -19.7041 0.242419
65 -12.1082 0.242912
66 0.539895 0.242158
67 -8.57859 0.238314
68 -6.71145 0.241984
69 -18.8193 0.239415
70 -15.444 0.238633
71 -2.631 0.242814
72 -11.3546 0.236801
73 -9.5709 0.243763
74 14.4331 0.238857
75 -4.03496 0.242271
76 5.89112 0.240522
77 -28.015 0.241617
78 -3.68891 0.234875
79 -2.58287 0.242772
80 -12.9762 0.237742
81 -30.6579 0.238714
82 -9.19372 0.236023
83 -4.23152 0.237043
84 -25.7971 0.240458
85 -11.8922 0.238805
86 -2.98242 0.241106
87 -3.54074 0.23555
88 -20.0593 0.239507
89 7.09631 0.240418
90 1.24319 0.237364
91 -13.9003 0.235298
92 11.9535 0.23854
93 15.0673 0.240227
94 12.5676 0.238523
