0 23.7386 0.244188
1 21.0437 0.24698
2 31.4356 0.239344
3 20.7206 0.241052
4 36.0313 0.238591
5 8.16315 0.237637
6 13.3118 0.243655
7 21.7751 0.242413
8 8.86945 0.239313
9 38.0779 0.236702
10 41.5925 0.241126
11 22.989 0.237101
12 21.6486 0.23794
13 38.0929 0.238689
14 10.2691 0.234569
15 29.9895 0.235225
16 36.3195 0.236997
17 17.1023 0.236651
18 9.46101 0.238361
19 18.8171 0.237022
20 19.338 0.235759
21 55.8821 0.234964
22 13.8456 0.232041
23 38.1676 0.228877
24 16.2314 0.235201
25 3.1537 0.236253
26 47.1348 0.238668
27 12.7502 0.235372
28 29.1471 0.236682
29 25.9247 0.236998
30 21.9403 0.239633
31 24.6563 0.233671
32 -6.8318 0.239565
33 -28.9911 0.23616
34 18.0879 0.237134
35 -22.1261 0.239587
36 -9.9496 0.235759
37 -20.5025 0.233791
38 -1.82708 0.235842
39 -15.1458 0.23602
40 -25.8267 0.241341
41 -8.40016 0.236167
42 -26.8822 0.237273
43 -15.517 0.235449
44 -5.62205 0.235055
45 -21.7599 0.236042
46 -5.12615 0.234394
47 0.0518832 0.233521
48 -11.1312 0.232102
49 10.5408 0.232508
50 -8.78248 0.234221
51 -17.6313 0.234864
52 -11.0568 0.234659
53 8.20749 0.231747
54 -5.67065 0.233405
55 -30.1043 0.232416
56 0.776939 0.236168
57 -9.81091 0.234929
58 19.1575 0.228042
59 -2.16929 0.230549
60 5.90035 0.231483
61 -0.630467 0.23277
62 2.518 0.23048
63 5.36376 0.226364
64 3.67222 0.23776
65 13.3672 0.237399
66 44.4289 0.234539
67 49.2742 0.231008
68 15.8588 0.235734
69 19.4917 0.23116
70 35.7078 0.231072
71 24.301 0.234335
72 15.1557 0.23215
73 18.8042 0.236312
74 1.7039 0.230414
75 27.1859 0.23388
76 21.4839 0.233388
77 6.65194 0.231633
78 13.5671 0.228687
79 39.09 0.232364
80 24.2872 0.231249
81 38.269 0.229461
82 -12.0576 0.231053
83 37.1553 0.232151
84 42.7937 0.227162
85 11.4664 0.229002
86 23.0972 0.228856
87 1.08091 0.229847
88 10.5316 0.226346
89 -2.28863 0.227312
90 42.7376 0.225601
91 23.8333 0.231358
92 42.1291 0.234103
93 11.3197 0.228759
94 27.6457 0.22337
