0 0 0
1 0 0
2 0 0
3 0 0
4 0 0
5 0 0
6 0 0
7 0 0
8 18.7427 0.242694
9 24.8029 0.237742
10 -22.4584 0.241249
11 -16.1929 0.240661
12 12.4642 0.244277
13 -28.1173 0.240088
14 -19.8277 0.23702
15 -0.782125 0.24174
16 -21.7198 0.241871
17 12.5189 0.239639
18 -28.5897 0.239246
19 -20.3001 0.240663
20 14.543 0.237304
21 -28.1027 0.237357
22 -13.6389 0.239612
23 -30.2833 0.236686
32 10.952 0.244354
33 33.3352 0.240875
34 16.5142 0.23963
35 26.4822 0.23848
36 41.6187 0.244579
37 25.2285 0.240402
38 -13.5189 0.239614
39 20.5798 0.243426
40 29.6512 0.23985
41 35.9166 0.236863
42 -16.3523 0.240311
43 8.28087 0.23996
44 18.707 0.242349
45 2.87467 0.237198
46 22.3544 0.236421
47 34.4256 0.239747
48 5.9642 0.238038
49 34.0654 0.230453
50 17.1358 0.23989
51 10.3227 0.238004
52 -4.03417 0.237821
53 21.2181 0.238452
54 12.1426 0.240018
55 -9.74498 0.236342
56 21.9701 0.236477
57 -7.11382 0.236868
58 23.6024 0.243075
59 -3.41119 0.236873
60 16.0132 0.239137
61 16.1898 0.238445
62 -4.94606 0.240369
63 207.197 -0.0407427
64 15.8359 0.236722
65 38.2548 0.234065
66 8.48905 0.236094
67 42.2697 0.237914
68 46.0815 0.235102
69 33.6407 0.236599
70 31.2474 0.234366
71 52.5525 0.233788
72 26.7907 0.234327
73 46.9823 0.230961
74 28.92 0.233826
75 39.9156 0.231904
76 44.3694 0.234464
77 23.313 0.232876
78 41.2322 0.228
79 -6.24747 0.232357
80 26.5921 0.234123
81 40.2694 0.229127
82 21.4823 0.230184
83 30.5669 0.230891
84 40.0332 0.23068
85 24.4204 0.233043
86 31.7192 0.232316
87 40.2042 0.237845
88 46.3753 0.234134
89 29.4995 0.235123
90 18.7272 0.23247
91 22.2399 0.231895
92 33.2841 0.231276
93 27.1528 0.230584
94 54.7701 0.23216
95 55.2835 0.229422
