0 -92.6065 0.255693
1 -85.4115 0.256525
2 -69.3201 0.257419
3 -105.27 0.257914
4 -90.1509 0.257889
5 -110.184 0.257247
6 -101.826 0.254695
7 -91.2629 0.258112
8 -75.3084 0.256163
9 -74.6095 0.254939
10 -81.4612 0.25925
11 -60.8802 0.254999
12 -103.854 0.253331
13 -93.6366 0.256644
14 -95.9674 0.253371
15 -94.5357 0.253833
16 -80.3049 0.259409
17 -80.2209 0.250764
18 -57.1739 0.256368
19 -92.4422 0.252165
20 -98.1014 0.249761
21 -73.0201 0.251313
22 -60.5548 0.251407
23 -76.224 0.255775
24 -77.7357 0.250528
25 -74.0569 0.246922
26 -87.3259 0.254183
27 -71.6517 0.247267
28 -113.32 0.250129
29 -77.4457 0.249369
30 -52.9219 0.249012
31 -108.454 0.24972
32 -47.8641 0.257123
33 -29.4776 0.257322
34 -76.9517 0.254048
35 -48.5886 0.258691
36 -49.1755 0.256121
37 -58.6588 0.256734
38 -31.4843 0.260164
39 -12.7303 0.255911
40 -71.4034 0.260006
41 -42.1192 0.256985
42 -44.5884 0.256467
43 -44.0763 0.2551
44 -46.6774 0.258299
45 -76.7004 0.258523
46 -41.39 0.251972
47 -42.0613 0.258175
48 -59.3741 0.258282
49 -48.282 0.254263
50 -53.6442 0.254815
51 -62.0079 0.252835
52 -29.1905 0.252217
53 -60.2157 0.253056
54 -19.0933 0.252197
55 -30.6772 0.248651
56 -45.8856 0.25378
57 -40.1064 0.249662
58 -49.9391 0.249665
59 -60.7287 0.249483
60 -54.2424 0.248653
61 -54.6682 0.249063
62 -62.9633 0.25206
63 -41.0755 0.246337
64 24.5079 0.259141
65 5.82229 0.253342
66 56.78 0.254811
67 11.3168 0.24793
68 26.7228 0.254627
69 40.0404 0.252258
70 10.7941 0.252429
71 19.0014 0.254943
72 11.1466 0.247912
73 35.7081 0.249214
74 28.6382 0.248201
75 46.2773 0.256127
76 44.5546 0.25437
77 20.3779 0.251518
78 45.7912 0.252338
79 23.2005 0.248909
80 31.5025 0.255236
81 51.3801 0.248536
82 13.8187 0.244806
83 4.8607 0.248539
84 33.9618 0.246867
85 43.002 0.250341
86 54.9858 0.247839
87 51.5052 0.247192
88 32.1705 0.244702
89 14.655 0.249636
90 25.4709 0.247124
91 31.2112 0.246853
92 31.5117 0.246049
93 12.8445 0.248419
94 24.2677 0.242788
