0 13.9187 0.23999
1 27.3006 0.241822
2 24.0474 0.24026
3 11.8887 0.23987
4 29.0312 0.238341
5 12.2314 0.234989
6 4.06053 0.240261
7 0.573305 0.238109
8 7.59314 0.231027
9 12.9375 0.238497
10 32.1343 0.237661
11 17.6912 0.236061
12 32.8971 0.239573
13 12.5788 0.239052
14 -10.287 0.236973
15 11.352 0.233241
16 -1.29018 0.235508
17 56.1477 0.240124
18 36.6617 0.233406
19 49.4937 0.236566
20 4.21252 0.235942
21 2.91945 0.234516
22 37.1126 0.23298
23 -0.575205 0.232399
24 28.4546 0.233871
25 21.8902 0.231382
26 35.4097 0.233532
27 24.2285 0.237087
28 15.0368 0.235587
29 17.4147 0.234869
30 33.1335 0.228833
31 16.4748 0.228639
32 -20.4874 0.240091
33 3.43573 0.236939
34 -36.1974 0.238002
35 4.74074 0.239151
36 -14.6868 0.237251
37 -12.6559 0.235239
38 -21.3602 0.238321
39 -36.1687 0.23909
40 -47.0391 0.237825
41 -15.1195 0.239328
42 -31.1648 0.232644
43 -38.3731 0.236549
44 -20.8463 0.233244
45 -44.2263 0.234509
46 -0.0582548 0.235859
47 10.4948 0.231451
48 -33.4684 0.239709
49 -19.6397 0.235665
50 -54.703 0.237028
51 -14.9086 0.237348
52 -35.3911 0.23727
53 -30.3356 0.237629
54 -9.39138 0.235093
55 -56.4148 0.233439
56 -12.6843 0.235289
57 -27.7635 0.233594
58 -26.7463 0.23325
59 -15.163 0.237421
60 -39.596 0.236828
61 -15.6523 0.234975
62 -22.6428 0.235955
63 -28.7864 0.227101
64 21.2258 0.239312
65 27.5922 0.238719
66 32.093 0.237618
67 7.9049 0.234831
68 24.5237 0.232569
69 36.8849 0.232329
70 49.5317 0.237137
71 51.2907 0.236182
72 28.528 0.237252
73 6.81958 0.226676
74 38.5465 0.233742
75 44.591 0.235354
76 11.0343 0.234446
77 37.6883 0.23206
78 58.8612 0.232071
79 45.8316 0.233867
80 32.5484 0.234414
81 34.0724 0.231238
82 13.8833 0.232002
83 45.1591 0.228802
84 23.2427 0.229212
85 28.6477 0.227311
86 25.0715 0.229622
87 47.4328 0.233459
88 33.7167 0.227536
89 37.7366 0.232688
90 43.7454 0.230531
91 34.2893 0.231064
92 49.4997 0.228241
93 9.88899 0.22664
94 16.6161 0.227585
