0 3.54031 0.242532
1 15.9519 0.243409
2 5.40983 0.23985
3 20.2135 0.238928
4 31.8764 0.242114
5 44.6361 0.234535
6 14.0335 0.234129
7 18.4699 0.234338
8 14.9908 0.238439
9 10.7607 0.240923
10 39.1535 0.23285
11 20.7981 0.24005
12 1.47914 0.233594
13 -23.4724 0.232854
14 20.4806 0.234503
15 34.3302 0.234248
16 16.9262 0.235303
17 19.3267 0.238118
18 1.45554 0.234449
19 25.6893 0.231891
20 10.5924 0.231202
21 34.469 0.229899
22 2.18839 0.228972
23 27.4847 0.235672
24 15.2063 0.233785
25 33.8274 0.233704
26 27.7605 0.227682
27 27.5265 0.230119
28 15.9018 0.23001
29 51.37 0.232411
30 15.1638 0.229131
31 -13.2507 0.22659
32 45.3649 0.235645
33 54.4019 0.232466
34 48.7929 0.232726
35 43.7073 0.230473
36 62.9646 0.23926
37 52.2401 0.23262
38 61.3211 0.229825
39 35.8661 0.23354
40 52.8966 0.228136
41 38.6608 0.234099
42 45.2462 0.226372
43 77.1532 0.236344
44 80.1004 0.232234
45 77.3363 0.227791
46 44.8376 0.229816
47 44.1773 0.228298
48 61.3245 0.227277
49 55.7583 0.224876
50 48.6662 0.228906
51 58.8773 0.227099
52 42.1514 0.228726
53 70.7409 0.229902
54 58.996 0.228946
55 55.8645 0.228378
56 69.8882 0.227763
57 34.2362 0.230026
58 55.5622 0.223677
59 55.0435 0.224899
60 66.2114 0.232947
61 35.3077 0.228922
62 19.0967 0.226006
63 43.2016 0.222139
64 0.115717 0.241155
65 -1.46377 0.2416
66 5.86626 0.234072
67 -10.9201 0.237632
68 9.75251 0.237651
69 -7.80605 0.237375
70 -20.0816 0.237468
71 8.22125 0.238321
72 5.86817 0.240676
73 1.32008 0.238956
74 27.0934 0.239646
75 -14.8151 0.235611
76 -8.97859 0.236652
77 -1.66761 0.240362
78 -2.30604 0.234081
79 3.16838 0.233614
80 50.0621 0.235868
81 -12.873 0.240698
82 -24.4777 0.238345
83 32.2539 0.237371
84 -2.0009 0.235219
85 12.529 0.235152
86 4.32514 0.232409
87 12.2284 0.235491
88 20.9858 0.232213
89 11.0056 0.234311
90 43.263 0.232644
91 1.57295 0.234657
92 -6.7311 0.232659
93 -5.1728 0.239061
94 -4.62372 0.232018
