0 -57.1949 0.244111
1 -33.9204 0.244504
2 -55.6829 0.243074
3 -42.0541 0.244309
4 -39.922 0.240253
5 -42.046 0.241838
6 -30.5882 0.240529
7 -62.3386 0.243749
8 -72.9985 0.241203
9 -76.5844 0.242749
10 -48.9167 0.239382
11 -25.9588 0.243687
12 -49.6008 0.244221
13 -49.2748 0.238309
14 -67.5227 0.24032
15 -56.3664 0.242289
16 -31.7413 0.24049
17 -85.1912 0.237909
18 -58.4127 0.238552
19 -77.6817 0.236992
20 -49.6086 0.237939
21 -50.1376 0.23754
22 -36.49 0.24028
23 -51.5227 0.239885
24 -32.6362 0.233507
25 -78.1406 0.236661
26 -61.6999 0.240884
27 -39.2547 0.239245
28 -53.5095 0.240957
29 -55.3294 0.240631
30 -57.9837 0.235731
31 -68.0321 0.235724
32 -64.847 0.242809
33 -76.7821 0.240363
34 -75.5778 0.235705
35 -97.0259 0.242492
36 -77.3535 0.241616
37 -60.6803 0.239863
38 -79.5986 0.240551
39 -60.0346 0.23782
40 -42.1252 0.241905
41 -55.8575 0.239516
42 -53.7718 0.241762
43 -87.15 0.23981
44 -50.4468 0.239277
45 -65.3183 0.240404
46 -88.3822 0.237026
47 -40.4711 0.237395
48 -81.3379 0.235844
49 -83.6336 0.240495
50 -94.4867 0.237526
51 -56.8351 0.238915
52 -69.3138 0.237588
53 -69.8263 0.238691
54 -78.4212 0.232699
55 -61.8073 0.231501
56 -53.0058 0.235572
57 -66.5031 0.235149
58 -46.935 0.237414
59 -75.6787 0.229726
60 -76.9669 0.2342
61 -71.5826 0.240359
62 -77.1501 0.234779
63 -104.963 0.234377
64 -37.5212 0.245097
65 -41.6948 0.243521
66 -30.0334 0.243917
67 -72.2854 0.245269
68 -42.6354 0.242122
69 -55.598 0.239808
70 -37.9038 0.245228
71 -37.8455 0.244705
72 -37.1953 0.239556
73 -57.6117 0.239925
74 -40.3044 0.236981
75 -54.1977 0.239858
76 -47.6458 0.241449
77 -41.0492 0.242294
78 -29.5241 0.239361
79 -46.964 0.237613
80 -50.2769 0.238195
81 -38.9575 0.238918
82 0.392169 0.237781
83 -35.227 0.239804
84 -36.993 0.23775
85 -35.6214 0.238664
86 -39.2701 0.243571
87 -32.5004 0.241921
88 -45.9661 0.234684
89 -73.9126 0.236721
90 -54.4562 0.236422
91 -58.0475 0.240815
92 -48.037 0.239808
93 -48.9904 0.238128
94 -49.4556 0.236759
