0 -39.8579 0.24346
1 -43.0938 0.23602
2 -6.43256 0.242814
3 -13.1181 0.24248
4 -52.337 0.24122
5 4.34865 0.242626
6 -32.2032 0.238701
7 13.8983 0.235525
8 -35.3095 0.240482
9 -43.3214 0.23854
10 14.5437 0.24054
11 6.05732 0.23697
12 -26.1159 0.241062
13 -16.206 0.236943
14 -35.9182 0.236889
15 -39.5566 0.238834
16 -21.4199 0.239213
17 -20.1359 0.23613
18 -28.1586 0.237408
19 -34.6213 0.240595
20 0.658531 0.238795
21 -23.7334 0.237433
22 7.29849 0.243802
23 -30.489 0.238063
24 -23.5225 0.238265
25 -19.0786 0.238218
26 -5.81965 0.240017
27 -28.5592 0.238464
28 -39.7697 0.23034
29 -26.4663 0.237099
30 -28.9746 0.236402
31 -21.1871 0.231895
32 -5.75891 0.237874
33 -13.1996 0.235975
34 13.2599 0.233794
35 -19.9464 0.231153
36 2.75557 0.238774
37 -15.5647 0.231945
38 9.92695 0.236548
39 6.0262 0.236558
40 10.1689 0.233977
41 20.0549 0.231497
42 -14.1512 0.230876
43 -8.71336 0.234674
44 -13.811 0.232154
45 31.9053 0.232119
46 -9.51732 0.233938
47 28.6844 0.230147
48 4.70403 0.233383
49 13.7536 0.2312
50 20.0282 0.233326
51 23.1289 0.232107
52 -4.6786 0.228628
53 -5.31642 0.230365
54 -6.88616 0.228621
55 37.6748 0.231239
56 9.01484 0.231039
57 29.2531 0.229872
58 22.986 0.23021
59 -3.51528 0.227172
60 38.0946 0.230613
61 8.18364 0.230302
62 17.6354 0.229154
63 -8.76075 0.225797
64 38.6613 0.237989
65 32.9344 0.232094
66 54.4129 0.232909
67 72.9611 0.233063
68 62.6623 0.23337
69 49.8563 0.230583
70 42.7004 0.237706
71 58.9955 0.235795
72 77.3282 0.232263
73 59.7994 0.231131
74 48.8726 0.230546
75 35.1164 0.232626
76 62.9403 0.233175
77 54.782 0.233258
78 52.5745 0.229264
79 48.5269 0.232646
80 75.0091 0.230442
81 71.3987 0.230237
82 65.1536 0.233508
83 77.5208 0.232225
84 68.8829 0.231346
85 33.6484 0.230042
86 78.5747 0.233178
87 60.6831 0.231032
88 57.8242 0.228943
89 77.7382 0.228928
90 56.3793 0.230934
91 70.6008 0.230084
92 76.6091 0.23538
93 49.3427 0.227278
94 57.7843 0.22605
