0 16.7604 0.258161
1 35.34 0.255868
2 40.9219 0.253072
3 24.0719 0.252731
4 26.2253 0.257892
5 27.0411 0.252557
6 5.36488 0.252484
7 6.53058 0.251502
8 16.4692 0.253484
9 20.3352 0.251814
10 -1.84129 0.251961
11 21.9711 0.249334
12 36.5218 0.249994
13 -4.84394 0.249262
14 3.29825 0.252738
15 38.0103 0.254425
16 -7.94568 0.250959
17 -6.55395 0.247178
18 13.0457 0.247272
19 12.6165 0.247751
20 -4.00839 0.250457
21 9.89302 0.247925
22 51.0049 0.252167
23 16.2353 0.243974
24 37.0765 0.249992
25 15.0742 0.251163
26 3.07803 0.251471
27 10.4121 0.249084
28 19.7103 0.246344
29 25.5463 0.24729
30 20.5088 0.24393
31 28.4058 0.243958
32 9.9936 0.247175
33 5.34386 0.245812
34 8.29482 0.247257
35 6.87388 0.245517
36 8.19412 0.24671
37 12.3321 0.244627
38 19.6449 0.243958
39 4.09746 0.246928
40 -2.09956 0.244602
41 16.7579 0.251536
42 3.06173 0.245013
43 19.6872 0.244137
44 15.5173 0.247581
45 -0.0165789 0.2497
46 12.4662 0.247466
47 -0.257177 0.246385
48 8.73016 0.242903
49 4.741 0.240211
50 14.8529 0.243756
51 5.88489 0.241689
52 42.6186 0.244593
53 9.01041 0.246394
54 14.3216 0.244506
55 1.80854 0.242954
56 22.5487 0.239283
57 17.9094 0.244066
58 22.7592 0.242748
59 3.50315 0.240725
60 17.1571 0.241296
61 9.74145 0.24269
62 2.26984 0.239039
63 15.3863 0.241172
64 -23.6836 0.256567
65 -35.6674 0.244197
66 -20.2813 0.248496
67 2.50457 0.246939
68 -3.83944 0.246625
69 -13.0548 0.244957
70 -7.83352 0.24463
71 -18.5547 0.244917
72 -24.3593 0.243241
73 -21.862 0.245693
74 -12.2217 0.245171
75 -23.1925 0.248863
76 -17.3697 0.25067
77 -20.2371 0.249875
78 7.66778 0.247152
79 -13.0972 0.240704
80 -22.43 0.248284
81 -30.1737 0.241404
82 -5.58217 0.243132
83 -22.2636 0.242075
84 0.714779 0.246626
85 -12.7446 0.245431
86 15.4842 0.246642
87 -27.9355 0.243099
88 -6.75438 0.242943
89 -16.4516 0.243145
90 -34.4084 0.244235
91 -4.9025 0.241025
92 2.67004 0.242413
93 10.6482 0.244179
94 -26.0886 0.242902
