0 -37.1478 0.258118
1 -23.4413 0.25758
2 -35.1035 0.256088
3 -6.02195 0.261208
4 -20.4029 0.259562
5 -37.7534 0.257103
6 -25.0249 0.256834
7 7.28439 0.251888
8 -26.7999 0.256368
9 -0.33328 0.255975
10 -29.7507 0.254525
11 -27.2235 0.252339
12 -7.54715 0.251704
13 -21.9616 0.247678
14 -16.5154 0.256547
15 -34.9185 0.252905
16 -5.90265 0.25368
17 -31.9566 0.257783
18 -27.2018 0.255152
19 -16.3836 0.252307
20 12.2751 0.252455
21 9.92374 0.249636
22 -23.1844 0.256727
23 -42.396 0.252383
24 -39.3397 0.247088
25 -24.6119 0.248456
26 -1.22494 0.250946
27 2.07561 0.252562
28 -22.0063 0.247634
29 -8.68079 0.249719
30 -18.5096 0.250525
31 -28.6115 0.24586
32 10.3348 0.247846
33 34.9248 0.245517
34 76.7011 0.247817
35 23.2257 0.245391
36 32.0105 0.242448
37 71.5982 0.24578
38 20.6201 0.241605
39 61.0984 0.244302
40 27.4611 0.245133
41 44.4272 0.245048
42 44.0993 0.245829
43 29.6606 0.241094
44 29.576 0.240433
45 58.4541 0.240212
46 30.0784 0.241651
47 39.7851 0.237855
48 45.8119 0.241368
49 52.404 0.240345
50 8.78264 0.236709
51 18.5798 0.239408
52 33.5018 0.240704
53 46.321 0.239611
54 47.5965 0.238007
55 14.4584 0.234132
56 37.0804 0.239141
57 33.2324 0.235105
58 26.7167 0.23643
59 33.6811 0.237555
60 39.1374 0.240367
61 55.8856 0.236466
62 26.2068 0.241703
63 19.7054 0.230976
64 44.7042 0.248574
65 65.6548 0.241497
66 41.9628 0.248204
67 55.6714 0.247853
68 75.458 0.248123
69 68.0631 0.245283
70 98.9283 0.246374
71 55.3799 0.246695
72 68.6242 0.245194
73 37.2781 0.244244
74 43.0205 0.245882
75 101.213 0.248077
76 42.7567 0.241385
77 35.4446 0.246714
78 54.4209 0.248314
79 39.1769 0.241814
80 83.4316 0.245521
81 47.7453 0.245974
82 49.0871 0.246341
83 38.3998 0.24164
84 45.7072 0.245501
85 60.3427 0.241931
86 66.9851 0.242056
87 61.5652 0.241029
88 37.6648 0.245116
89 68.3172 0.244206
90 61.4479 0.243512
91 51.3224 0.235898
92 42.3324 0.236691
93 46.0192 0.236494
94 48.9429 0.238816
