0 24.2476 0.243579
1 0.487851 0.240328
2 7.03466 0.241359
3 10.4257 0.244651
4 -2.41999 0.235754
5 -16.4469 0.241306
6 -17.9027 0.240664
7 -14.9216 0.2369
8 13.3781 0.239647
9 -10.9632 0.239626
10 -8.68801 0.240989
11 7.50993 0.237834
12 -8.74529 0.237406
13 -9.43869 0.237516
14 -13.422 0.232002
15 3.93685 0.237593
16 6.12165 0.237993
17 12.4836 0.231338
18 -1.09228 0.238157
19 -20.9858 0.231736
20 1.5877 0.237501
21 -19.6405 0.236931
22 13.9263 0.235558
23 -4.73334 0.232941
24 -34.1939 0.233704
25 -7.45789 0.234888
26 -17.1423 0.232772
27 14.1961 0.234146
28 4.67909 0.233053
29 12.5234 0.235928
30 -1.45458 0.235883
31 -6.97231 0.23427
32 -10.6238 0.244063
33 -3.81884 0.236945
34 -1.66383 0.241589
35 12.0516 0.241806
36 10.9638 0.238429
37 -27.4314 0.242321
38 -21.6347 0.240619
39 21.2885 0.241477
40 12.4879 0.238737
41 -12.7196 0.238431
42 10.9011 0.236524
43 -6.4059 0.239342
44 -24.7148 0.240449
45 12.5449 0.238609
46 21.9387 0.239702
47 -8.35173 0.2325
48 -21.9433 0.235649
49 4.17808 0.237339
50 13.2726 0.232443
51 10.1969 0.236265
52 -0.975789 0.240767
53 -25.8255 0.234448
54 -6.61169 0.232893
55 -4.49567 0.236921
56 -17.1309 0.235368
57 3.54978 0.233078
58 -8.82916 0.238863
59 3.93078 0.232591
60 14.8877 0.235201
61 -13.3817 0.238614
62 17.1199 0.233593
63 -4.26496 0.234056
64 38.9597 0.240525
65 35.8238 0.242831
66 30.9834 0.239074
67 64.7823 0.239384
68 17.4796 0.237979
69 49.0476 0.238284
70 30.8663 0.241263
71 49.3781 0.233815
72 55.7157 0.239347
73 10.4789 0.238792
74 42.4189 0.232362
75 30.3695 0.238144
76 46.325 0.235475
77 8.6176 0.236354
78 54.0205 0.239438
79 36.5656 0.232881
80 40.2356 0.235047
81 32.5695 0.235846
82 23.3265 0.239019
83 16.6972 0.234595
84 31.6543 0.237667
85 36.0689 0.230497
86 43.7141 0.232661
87 10.1437 0.230402
88 47.7042 0.229043
89 57.5813 0.235537
90 18.3726 0.233
91 38.1281 0.227713
92 10.2105 0.23241
93 21.5421 0.233628
94 47.7908 0.234887
