0 -6.04955 0.250739
1 -19.3962 0.245808
2 22.727 0.24559
3 -3.00585 0.247694
4 -5.53316 0.245267
5 -15.9609 0.245884
6 9.88444 0.244736
7 -4.05254 0.244875
8 -6.50191 0.249271
9 -7.24667 0.247591
10 0.0733642 0.240773
11 8.602 0.248929
12 -3.11428 0.245349
13 -5.03109 0.243678
14 7.51382 0.241126
15 -23.2897 0.24241
16 -18.4673 0.243622
17 20.3752 0.244897
18 -19.8024 0.23955
19 -0.903603 0.24327
20 6.53807 0.244504
21 0.570752 0.237868
22 0.634649 0.239628
23 4.1958 0.239741
24 13.1489 0.239696
25 -16.2558 0.241041
26 -1.2257 0.242882
27 -16.2262 0.239339
28 3.2402 0.236961
29 15.707 0.243182
30 -11.6479 0.236835
31 -5.11675 0.239052
32 26.0076 0.247136
33 11.043 0.247858
34 8.71823 0.249024
35 -8.16662 0.24762
36 15.3004 0.252108
37 12.4279 0.247721
38 -16.0919 0.24403
39 9.54856 0.248626
40 0.946587 0.245565
41 32.7111 0.24779
42 23.3813 0.243223
43 20.3306 0.248336
44 -2.01703 0.243134
45 -8.70345 0.245124
46 26.4538 0.244951
47 33.9548 0.247117
48 2.19166 0.245682
49 22.932 0.246041
50 12.3017 0.242695
51 8.62826 0.245784
52 36.8671 0.241309
53 17.6862 0.24107
54 21.8775 0.240308
55 8.38045 0.251835
56 3.524 0.246142
57 -6.69081 0.240432
58 -14.1192 0.240315
59 13.9734 0.240961
60 4.84346 0.240265
61 -6.61406 0.243785
62 39.396 0.243668
63 -9.04152 0.240704
64 37.2476 0.245312
65 -1.46794 0.239082
66 0.963685 0.246816
67 4.22392 0.240758
68 18.0733 0.244382
69 34.8556 0.239207
70 36.2971 0.241416
71 -17.1812 0.238725
72 -11.7388 0.235773
73 13.4737 0.236282
74 -7.92179 0.238195
75 35.5761 0.235208
76 -23.2701 0.237129
77 -11.2157 0.240238
78 -21.4555 0.238927
79 33.7238 0.238137
80 1.13347 0.236728
81 18.3722 0.240269
82 22.9841 0.237324
83 10.5651 0.236765
84 -4.74418 0.234403
85 11.5466 0.237542
86 26.9016 0.236274
87 14.9619 0.236957
88 6.08498 0.235287
89 15.7476 0.232963
90 -8.47871 0.23676
91 19.5435 0.235175
92 32.1247 0.236139
93 -1.93723 0.238271
94 6.53391 0.235532
