0 26.9838 0.240915
1 36.274 0.240872
2 40.9845 0.236932
3 20.3202 0.240191
4 50.8365 0.241554
5 61.474 0.239233
6 6.78815 0.237652
7 38.0205 0.241503
8 24.1655 0.239047
9 19.3307 0.239669
10 39.8244 0.240048
11 49.7595 0.237651
12 32.3412 0.242919
13 41.8794 0.235267
14 35.7808 0.243357
15 26.7944 0.24377
16 22.8156 0.237878
17 27.0275 0.231563
18 39.2937 0.23969
19 33.4416 0.236006
20 26.1081 0.238986
21 33.5422 0.234139
22 23.7536 0.23346
23 13.8459 0.237165
24 32.1819 0.23599
25 55.2845 0.236963
26 36.278 0.234262
27 26.978 0.234349
28 50.3297 0.233369
29 30.4739 0.23254
30 38.3544 0.231622
31 22.6475 0.233178
32 38.423 0.238165
33 14.8341 0.234684
34 -4.65489 0.238518
35 -2.29145 0.232938
36 33.2322 0.238238
37 59.2341 0.237227
38 25.7328 0.237708
39 33.1388 0.235311
40 21.7966 0.233712
41 21.2617 0.2369
42 16.6531 0.232954
43 8.89656 0.23272
44 10.6562 0.236349
45 30.259 0.178235
46 19.9869 0.234194
47 26.1262 0.232204
48 8.49911 0.233069
49 -3.90129 0.231923
50 16.4372 0.231598
51 17.8537 0.238304
52 1.30615 0.233724
53 45.903 0.232389
54 29.2019 0.231219
55 15.4871 0.23777
56 49.0415 0.229056
57 3.08531 0.230736
58 19.4791 0.227668
59 29.1018 0.230398
60 50.5087 0.233965
61 19.6996 0.234771
62 21.608 0.229243
63 31.6836 0.223548
64 16.0996 0.240568
65 50.582 0.241173
66 21.6307 0.237468
67 16.2376 0.240402
68 30.2674 0.243456
69 24.5755 0.24681
70 14.9255 0.237667
71 27.8969 0.235484
72 18.2565 0.241871
73 47.3701 0.24291
74 33.3774 0.239958
75 56.8058 0.235602
76 37.094 0.237881
77 32.2238 0.241249
78 33.3653 0.241753
79 25.601 0.244503
80 21.6256 0.23684
81 8.65108 0.235792
82 13.3891 0.238011
83 45.136 0.236156
84 25.9046 0.239374
85 36.4727 0.236886
86 36.252 0.234647
87 37.2431 0.238407
88 35.6671 0.236304
89 48.4325 0.240338
90 48.6501 0.235223
91 7.53742 0.229149
92 28.7002 0.231825
93 43.1953 0.232301
94 73.8698 0.231022
95 30.0107 0.2304
