0 3.36906 0.245486
1 10.7425 0.245804
2 35.6471 0.248455
3 11.2939 0.247521
4 -2.23212 0.250132
5 19.3904 0.245734
6 -3.39134 0.246077
7 9.71317 0.244697
8 13.1112 0.246691
9 30.4594 0.248265
10 8.31914 0.250772
11 40.1917 0.246989
12 27.9446 0.251389
13 22.8797 0.244907
14 10.3435 0.247514
15 1.08863 0.248826
16 14.6231 0.24964
17 9.76133 0.248715
18 18.011 0.246723
19 9.35634 0.242574
20 43.9021 0.246131
21 20.4225 0.244859
22 34.4497 0.246583
23 -1.3886 0.245767
24 21.5202 0.242786
25 18.8404 0.24067
26 30.812 0.243301
27 42.1296 0.242562
28 32.2051 0.240468
29 29.1168 0.243808
30 34.1113 0.236476
31 34.2581 0.23666
32 12.3483 0.246478
33 -5.63954 0.24114
34 11.2307 0.242381
35 13.9051 0.237744
36 6.00738 0.23913
37 -3.21997 0.237807
38 13.2134 0.241249
39 0.343243 0.240697
40 21.3361 0.236984
41 17.5835 0.24137
42 8.25627 0.239714
43 11.5916 0.239922
44 -24.1537 0.23875
45 28.0562 0.238292
46 0.901724 0.238483
47 21.5578 0.236806
48 17.0095 0.236763
49 17.5 0.237316
50 12.294 0.235564
51 40.0806 0.238389
52 23.9902 0.23904
53 -9.37186 0.233649
54 12.1863 0.237524
55 6.31985 0.235827
56 15.5241 0.235071
57 5.61933 0.232305
58 37.0396 0.232366
59 0.753046 0.233767
60 -25.9488 0.235016
61 2.00441 0.229828
62 12.8863 0.232735
63 -27.212 0.224975
64 68.9839 0.261942
65 28.9343 0.259973
66 63.4864 0.25631
67 28.9157 0.25421
68 33.8302 0.25842
69 30.7125 0.256056
70 54.4292 0.256052
71 47.718 0.254968
72 29.2649 0.249226
73 58.9882 0.25925
74 50.9082 0.255689
75 4.34952 0.261789
76 45.3989 0.255955
77 26.2523 0.255716
78 20.0438 0.254867
79 38.3754 0.250819
80 24.1238 0.250721
81 55.9917 0.253191
82 42.222 0.252003
83 35.8791 0.254462
84 49.06 0.250935
85 54.3434 0.250911
86 53.4324 0.252791
87 38.3001 0.252306
88 15.0722 0.252346
89 65.5787 0.250659
90 61.3262 0.252339
91 33.2391 0.247407
92 39.0288 0.249873
93 53.0521 0.249434
94 63.6973 0.248705
