0 27.8788 0.255653
1 11.5065 0.249268
2 8.33768 0.246874
3 14.5213 0.251584
4 32.5777 0.252379
5 20.756 0.254073
6 12.1398 0.24691
7 31.3593 0.246427
8 17.5318 0.246848
9 0.441696 0.252862
10 -5.24571 0.252775
11 12.9258 0.252035
12 31.7662 0.246544
13 3.89487 0.246383
14 -7.29577 0.246798
15 18.7273 0.247393
16 6.78617 0.248602
17 17.4047 0.248449
18 21.8945 0.24753
19 23.1723 0.243114
20 16.4779 0.251404
21 -10.5088 0.248193
22 13.9616 0.242969
23 24.0433 0.244133
24 14.1999 0.247309
25 34.4009 0.244226
26 14.455 0.241913
27 38.7669 0.24611
28 12.2276 0.243874
29 -1.62894 0.243441
30 4.71809 0.241528
31 36.272 0.235752
32 -29.7483 0.249973
33 -37.5053 0.248155
34 -45.249 0.243351
35 -12.9533 0.247783
36 -7.22313 0.24164
37 -27.882 0.243517
38 -52.1279 0.2444
39 -52.8325 0.248269
40 -2.41215 0.244808
41 -49.7341 0.242476
42 -47.7424 0.242494
43 -4.64677 0.242109
44 -48.9291 0.243289
45 -30.1223 0.2389
46 -18.1368 0.240539
47 -31.4145 0.244728
48 -23.1646 0.240285
49 -33.9895 0.244707
50 -8.32499 0.244656
51 -20.8814 0.245973
52 -23.8493 0.244882
53 -46.5053 0.23845
54 -13.0882 0.24152
55 -29.4952 0.239747
56 -1.03748 0.239329
57 -34.1209 0.242301
58 -34.3404 0.242725
59 -35.0787 0.240021
60 -22.3702 0.240138
61 -19.7546 0.235875
62 -17.9856 0.237986
63 -30.5709 0.231309
64 -11.2484 0.255454
65 18.9905 0.255033
66 9.72233 0.249207
67 16.478 0.250362
68 -0.25324 0.25444
69 23.7026 0.24546
70 -0.167127 0.24859
71 -2.46488 0.247249
72 21.4158 0.249417
73 -14.5934 0.24854
74 11.3585 0.252556
75 -0.117088 0.252261
76 9.75132 0.249488
77 3.65024 0.252305
78 -12.3049 0.245902
79 31.4212 0.248442
80 30.9561 0.245078
81 5.57105 0.245443
82 37.4356 0.242869
83 -2.35958 0.246843
84 1.03582 0.245026
85 16.9924 0.241156
86 13.6124 0.247388
87 3.63989 0.247056
88 1.05244 0.250497
89 14.1906 0.243395
90 44.2898 0.248827
91 28.1402 0.242684
92 10.8212 0.243857
93 15.4196 0.242803
94 31.5041 0.238963
95 -4.8205 0.232552
