0 -31.9691 42.1184 -4.13916 0.26097 -0.00407314
1 97.6312 -1.13618 1.54145 -0.0475974 0.00182515
2 124.416 -9.2967 2.32507 -0.0795298 0.00218773
3 77.2418 7.47402 0.544009 -0.00103955 0.00106734
4 36.4395 14.9106 -0.647775 0.065574 -0.000249571
5 8.61345 21.3647 -1.66154 0.130359 -0.0015773
6 44.3731 15.9729 -0.994837 0.0934091 -0.000992964
7 101.802 -0.325593 1.36547 -0.0414631 0.00170353
8 64.5088 4.42706 0.521959 0.0119312 0.000609424
9 77.7128 7.09613 -0.138755 0.0605872 -0.000565288
10 75.8316 13.4417 -1.01909 0.110577 -0.00155912
11 54.4307 15.5142 -1.14176 0.107218 -0.00124075
12 119.476 3.34251 0.371995 0.0268545 0.000222276
13 100.299 5.65811 0.180563 0.0357312 9.71493e-05
14 95.9253 6.88029 -0.0265037 0.043996 -4.42467e-05
15 92.3757 2.60764 0.338989 0.035125 2.79205e-05
16 91.3459 7.6717 -0.397765 0.0799002 -0.000994013
17 91.6765 -3.16918 1.34979 -0.0374351 0.00166114
18 101.713 9.36243 -0.486388 0.0796427 -0.000843136
19 71.536 16.7344 -1.11843 0.0967678 -0.000933535
20 99.9246 -3.85855 1.35809 -0.0276041 0.00129494
21 90.1777 3.98944 0.349594 0.0251651 0.000297274
22 91.347 12.9239 -0.779128 0.0833641 -0.000732002
23 74.8855 14.0782 -0.783606 0.0768178 -0.000470018
24 97.3723 9.10914 -0.3358 0.0622275 -0.000388065
25 78.0331 12.5997 -0.884341 0.0992487 -0.00123581
26 54.3431 16.9033 -1.19708 0.0983035 -0.000842006
27 62.0427 9.54824 0.0602259 0.019632 0.000810209
28 37.3218 19.7398 -1.61297 0.127068 -0.00156354
29 21.4513 34.9966 -3.65762 0.243916 -0.00392753
30 107.129 0.408172 1.13536 -0.0320687 0.00161946
31 6.38609 36.1039 -3.45528 0.212083 -0.00295988
32 40.3317 10.1584 -0.261914 0.0601212 -0.000397069
33 -12.7611 14.331 -0.752403 0.0851412 -0.00086297
34 12.6588 11.5887 -0.360461 0.0572786 -0.000246397
35 111.72 -6.2441 1.8862 -0.0598399 0.0019757
36 44.6819 13.0304 -0.725799 0.0857315 -0.000970267
37 95.5977 -9.34401 2.29649 -0.0808112 0.00233426
38 18.9119 27.0987 -2.6668 0.194955 -0.00303754
39 75.316 -4.81788 1.49113 -0.0297866 0.00123636
40 -169.315 97.3006 -11.926 0.657503 -0.0109019
41 50.4166 9.63792 -0.364368 0.064968 -0.000417064
42 57.763 -0.437425 1.04321 -0.0153623 0.00105831
43 50.6062 3.55589 0.368314 0.0288925 0.000106947
44 92.6804 -0.701972 1.03745 -0.0133087 0.00096173
45 50.6877 9.57592 -0.579614 0.0874393 -0.00106083
46 28.5338 4.74847 0.464725 0.001762 0.00101601
47 56.2301 8.07233 -0.335382 0.064762 -0.000550401
48 47.5182 5.73373 -0.159472 0.061183 -0.000559046
49 58.1746 12.3754 -0.924783 0.0988611 -0.00123077
50 34.9446 17.1405 -1.45921 0.12557 -0.00165184
51 32.9524 15.9738 -1.12956 0.0982533 -0.000960846
52 67.0845 -3.92957 1.43068 -0.0371786 0.00151465
53 54.7407 2.23737 0.598573 0.0115839 0.000521765
54 -2.02613 22.592 -2.34933 0.178497 -0.00264338
55 15.3877 16.7924 -1.38368 0.120054 -0.00153112
56 29.9646 13.1759 -0.960752 0.0959899 -0.00107481
57 15.2388 19.2021 -1.62526 0.126938 -0.00157657
58 -66.0497 42.5756 -4.42282 0.266188 -0.0040525
59 -17.953 34.197 -3.12632 0.190893 -0.00254496
60 8.50631 20.8529 -1.60732 0.115067 -0.0011961
61 -21.4537 26.9954 -2.39586 0.159287 -0.00204631
62 20.1157 20.453 -1.5723 0.115329 -0.00124981
63 -13.2944 24.2115 -2.14326 0.146249 -0.00182924
64 151.863 -0.60045 0.835313 0.0107091 0.000418133
65 175.154 -8.97175 1.8121 -0.0396931 0.00150016
66 136.305 4.14983 0.316771 0.0369685 7.91643e-05
67 145.312 -13.4147 2.35368 -0.063474 0.00168196
68 128.783 -0.902714 1.00929 -0.00709943 0.000903245
69 140.425 2.29238 0.256051 0.0492034 -0.000444048
70 140.608 9.59327 -0.743753 0.108733 -0.00166334
71 123.287 5.6534 0.0709399 0.0519345 -0.000358803
72 133.214 3.64071 0.188737 0.047137 -0.000288769
73 155.188 7.52174 -0.37227 0.0849534 -0.00117454
74 188.286 -11.5914 2.15064 -0.0631478 0.00194569
75 135.638 10.0961 -0.545817 0.0787998 -0.000747858
76 180.263 -6.7964 1.84703 -0.062973 0.00217582
77 153.762 -9.15269 1.92269 -0.052468 0.00171379
78 121.235 3.05548 0.392381 0.019251 0.000468865
79 158.045 4.13216 0.0842931 0.050249 -0.000182234
80 157.92 4.17762 -0.0657525 0.0692377 -0.000866037
81 175.012 -4.81896 1.59511 -0.0514582 0.00197775
82 154.558 3.49343 0.0994279 0.0508803 -0.000363318
83 112.56 19.3082 -1.87953 0.151055 -0.00213922
84 146.879 9.58114 -0.794376 0.112267 -0.00180741
85 171.656 -0.271532 0.87872 0.0018186 0.000704805
86 117.022 9.95424 -0.619858 0.0852048 -0.000863369
87 156.553 -4.38686 1.46614 -0.0378949 0.00169065
88 144.195 7.32242 -0.291296 0.0671558 -0.000554124
89 141.801 3.39593 0.341538 0.028238 0.000215627
90 126.411 5.97191 0.0395677 0.043209 -4.62532e-05
91 139.467 4.25437 0.321398 0.0266156 0.000353728
92 168.381 -14.2657 2.83235 -0.114483 0.00304716
93 106.681 3.00244 0.350159 0.0322402 3.329e-05
94 94.7966 20.988 -2.16647 0.180655 -0.00292849
95 151.555 0.845405 0.659918 0.0151922 0.000414365
