0 86.6704 8.0633 0.0584772 0.0387686 0.00034215
1 37.1758 10.8241 -0.263595 0.0582962 -0.000117196
2 91.0844 8.73235 -0.235496 0.0644584 -0.000348347
3 82.0761 3.30608 0.447443 0.0300662 0.000300408
4 55.9029 1.85332 0.988252 -0.0147477 0.00136313
5 74.9232 7.45331 0.0625396 0.0418932 0.00018678
6 81.2406 5.68513 0.259284 0.0342777 0.000294224
7 80.5566 0.408323 1.22417 -0.0266187 0.00154115
8 75.7633 9.031 0.0311004 0.0381118 0.000304854
9 56.0495 7.61739 -0.124533 0.0561222 -0.000104329
10 94.4898 5.51514 0.163041 0.0442646 2.48679e-05
11 72.901 7.54384 0.0878833 0.0403909 0.000178259
12 116.301 -0.277254 0.573836 0.0317969 0.000161843
13 76.0581 11.1618 -0.294419 0.0566076 -3.64923e-05
14 68.1669 9.42697 -0.536104 0.0874319 -0.000827159
15 81.8661 9.30816 -0.256018 0.0601268 -0.000134051
16 93.2948 3.75788 0.429792 0.0241639 0.000497873
17 108.884 4.55505 0.229608 0.0420671 6.01411e-05
18 104.112 3.02546 0.333873 0.0340425 0.000253075
19 86.5264 2.75467 0.460543 0.0283513 0.000388042
20 132.81 -7.79314 1.6025 -0.028362 0.00132837
21 53.384 7.56452 -0.237669 0.069643 -0.000487723
22 87.6816 8.55184 -0.19975 0.0585186 -0.000141114
23 56.793 17.9031 -1.45775 0.125563 -0.0013696
24 80.4258 1.16933 0.516658 0.0279092 0.000322396
25 35.9387 22.866 -2.01938 0.150385 -0.00176064
26 105.714 -2.78549 1.00938 0.00097284 0.000832402
27 66.9021 7.20018 -0.0270769 0.0468771 6.40572e-05
28 65.2791 6.6656 -0.299252 0.0729534 -0.000524523
29 119.645 1.83022 0.525935 0.0240769 0.000417284
30 40.7446 14.7596 -1.16878 0.11326 -0.00123169
31 44.8697 14.999 -1.0832 0.102796 -0.000921065
32 49.3927 -7.90044 1.73432 -0.0335281 0.00137623
33 67.5615 -6.71684 1.6926 -0.0322219 0.00134791
34 72.3896 -20.6336 3.05634 -0.0921887 0.00231043
35 52.583 -11.2278 2.29213 -0.0680495 0.00216173
36 79.3155 -15.0392 2.53453 -0.0683167 0.00190775
37 78.2336 -13.0477 2.30762 -0.0573971 0.0017629
38 52.5068 -10.7786 2.19329 -0.0598067 0.00188538
39 56.3413 -13.8984 2.2809 -0.0538175 0.00162794
40 52.0858 -6.85242 1.5305 -0.0188378 0.00109982
41 67.4803 -17.9034 2.71923 -0.0743371 0.0019913
42 18.0391 3.06732 0.136325 0.0573996 -0.000370473
43 81.3563 -6.03695 1.26932 0.000321309 0.000617002
44 92.6081 -26.366 3.58033 -0.11455 0.00264682
45 79.6769 -10.2127 1.79277 -0.0285734 0.00120441
46 74.2823 -3.49889 0.880096 0.0181705 0.000328166
47 43.6483 -2.99132 0.949483 0.0104045 0.000552468
48 42.912 1.5513 0.404401 0.0343459 0.000160661
49 52.7927 -6.84852 1.36493 -0.0104843 0.000953596
50 17.841 7.48219 -0.45097 0.0840419 -0.000757197
51 46.048 1.26695 0.486462 0.0305908 0.000242268
52 71.1978 -1.23215 0.681424 0.0224122 0.000377949
53 35.6344 2.75089 0.0924204 0.0593805 -0.000391075
54 39.9123 -1.99744 0.725765 0.0229208 0.000304134
55 62.7138 -4.0807 0.858543 0.01909 0.000335506
56 61.5175 -1.89279 0.407625 0.0457336 -0.000215367
57 45.9901 3.31803 -0.00593204 0.064145 -0.000471256
58 35.6571 8.93377 -0.567874 0.0834439 -0.000707718
59 36.0696 3.24643 0.164257 0.0484501 -6.82431e-05
60 45.2909 1.14466 0.4701 0.0296292 0.000242858
61 39.7293 5.92774 -0.271985 0.0768508 -0.000708941
62 21.1377 12.3068 -0.979809 0.108436 -0.00117348
63 23.6306 14.108 -0.87944 0.0883514 -0.000655382
64 111.565 -13.9175 2.31528 -0.0605918 0.00174595
65 87.4279 -7.71751 1.70948 -0.0352634 0.00139051
66 99.2504 -16.8652 2.71585 -0.0781347 0.00201482
67 83.0345 -7.21244 1.54758 -0.0253465 0.00115482
68 69.1559 -3.72642 1.23148 -0.0125775 0.00103084
69 93.4328 -9.49215 1.78149 -0.0352884 0.00127696
70 78.0148 -5.80875 1.38489 -0.0160174 0.000951904
71 108.628 -16.769 2.81252 -0.0901437 0.00232705
72 96.9172 -13.0372 2.06305 -0.0436342 0.00139491
73 72.2509 -5.9602 1.46409 -0.0211235 0.00111675
74 131.24 -13.5724 2.27004 -0.0605597 0.00180787
75 98.285 -6.34368 1.45598 -0.0189907 0.00103693
76 102.729 -8.79864 1.73087 -0.0339615 0.00132932
77 68.4302 0.264591 0.708834 0.0130466 0.000587419
78 87.8486 -5.77002 1.15745 0.000306457 0.000632622
79 94.6431 -5.69833 1.41332 -0.0225365 0.00116916
80 87.9781 -2.30333 0.818087 0.0115931 0.000548282
81 78.7039 6.00233 -0.222648 0.0656753 -0.000499987
82 70.8931 -0.902288 0.726804 0.0139187 0.000496918
83 60.8203 -3.00184 1.06915 -0.00659676 0.000903752
84 68.0676 3.10494 0.0516574 0.0583798 -0.000435109
85 64.0377 5.21879 -0.0325179 0.0565734 -0.00027733
86 60.5699 -0.998131 0.69001 0.0215228 0.000258938
87 61.8086 3.48946 0.258768 0.036021 0.000117938
88 74.8001 0.557909 0.522458 0.0288643 0.00015243
89 59.0751 -0.0340763 0.512511 0.0304192 0.000139293
90 55.7699 -0.261398 0.45903 0.0360179 6.40178e-06
91 101.587 -6.0567 1.39026 -0.0183583 0.00107773
92 60.244 6.65033 -0.17301 0.060164 -0.000290384
93 57.9876 13.4382 -1.10288 0.113448 -0.0012636
94 70.5958 -0.254258 0.536461 0.0295043 0.000166517
