0 28.732 14.2108 -0.731576 0.0881763 -0.000739251
1 36.1599 7.78531 0.020065 0.04975 -3.89761e-06
2 82.1409 -4.7723 1.28369 -0.00518703 0.000872616
3 24.6157 13.8735 -0.908628 0.104402 -0.0010989
4 115.283 -6.21505 1.50474 -0.0218244 0.00127009
5 72.4313 -0.421827 0.902589 0.00562182 0.000673328
6 67.3417 -4.18658 1.20984 -0.00535254 0.000845743
7 59.7018 5.22919 0.324308 0.0289809 0.000405287
8 105.951 -0.969267 0.696039 0.0262642 0.000197177
9 72.9518 5.75204 -0.019781 0.0585273 -0.000283552
10 80.1522 -0.769629 0.81048 0.0128188 0.000537412
11 49.0552 3.1973 0.20389 0.0480986 -0.000132938
12 97.8147 -0.0975613 0.613817 0.0265052 0.000238405
13 67.2102 2.64041 0.320205 0.0422806 -6.2736e-05
14 83.7997 -3.13089 1.07009 -0.00113183 0.000862348
15 85.7726 5.64461 0.0815511 0.0440177 8.81551e-05
16 56.1662 10.5547 -0.564628 0.0800559 -0.000589269
17 49.7443 12.3585 -0.958193 0.107999 -0.00128017
18 100.426 -9.47545 1.89789 -0.0464452 0.00171546
19 66.7453 6.1689 -0.0969693 0.0583746 -0.000227279
20 87.215 -2.4014 0.985461 0.000238235 0.000795252
21 54.9315 5.73101 -0.188026 0.0704311 -0.000541757
22 47.882 23.7736 -2.23187 0.164763 -0.00211044
23 67.3772 12.1052 -0.810854 0.094477 -0.000872768
24 35.0605 14.5831 -1.2008 0.118326 -0.00137951
25 45.5227 14.4189 -1.06429 0.105935 -0.00102845
26 83.6838 1.56469 0.275005 0.0475011 -0.000168361
27 76.2198 7.19216 -0.3083 0.0713435 -0.00049062
28 95.4099 -2.1065 0.885563 0.0087695 0.000634718
29 42.7904 10.2361 -0.612739 0.081739 -0.000590606
30 107.767 -5.23728 1.19978 -0.00175807 0.000695065
31 81.4794 -1.21217 0.659751 0.024169 0.000266548
32 109.598 3.33951 0.365921 0.03475 0.000282311
33 61.3188 12.3405 -0.697882 0.0932642 -0.00081766
34 43.7489 7.92261 -0.128844 0.0568638 -0.00015185
35 114.439 -2.78859 0.926269 0.0149422 0.000473698
36 103.861 -6.75044 1.46884 -0.0164051 0.00111278
37 105.111 -2.36362 0.829705 0.0229015 0.000264669
38 81.2529 -1.42961 0.825892 0.0176059 0.000427168
39 114.788 -11.475 1.9545 -0.0362437 0.00134897
40 91.4039 9.77027 -0.421659 0.0722681 -0.000444999
41 90.6118 3.90194 0.134831 0.0477101 -5.05021e-05
42 59.2889 7.33364 -0.25373 0.0694914 -0.000492531
43 92.4361 1.41322 0.415285 0.0376579 6.45751e-05
44 100.725 -4.29266 1.15196 -0.000371749 0.00075906
45 106.065 4.37027 0.193664 0.0426033 4.22183e-05
46 110.324 1.83994 0.28955 0.0461626 -0.00013253
47 89.4141 2.20054 0.170754 0.0536281 -0.000271426
48 141.278 -11.085 1.81795 -0.0339728 0.00133667
49 98.1276 1.23046 0.247531 0.0488915 -0.000136177
50 123.616 0.571332 0.385103 0.0393177 1.96988e-06
51 111.323 -8.03881 1.40684 -0.00888115 0.000864661
52 114.261 3.12431 0.00491898 0.0630649 -0.000477537
53 91.6159 5.37091 -0.200761 0.0706105 -0.000543919
54 66.5524 7.0139 -0.465026 0.0833909 -0.000755817
55 83.761 7.50835 -0.588491 0.0918794 -0.00094774
56 109.939 3.58261 -0.134144 0.0700349 -0.000577726
57 113.068 -1.0731 0.544024 0.0331583 0.000178197
58 84.0257 1.37783 0.137347 0.0546124 -0.00025903
59 77.9547 6.45933 -0.289035 0.0728777 -0.000538563
60 84.1044 11.9887 -0.961255 0.102148 -0.00109389
61 80.0128 3.8272 -0.0939586 0.0673298 -0.000529808
62 99.5081 1.50453 0.160236 0.0581954 -0.000448552
63 66.0119 8.2755 -0.548434 0.083952 -0.000739237
64 120.61 -11.8728 2.08683 -0.0475761 0.0015964
65 127.224 -13.5875 2.08312 -0.0347438 0.0011771
66 111.207 -18.1073 3.01425 -0.095319 0.00247997
67 70.3232 -3.55383 1.09701 0.00261667 0.000687401
68 85.4398 -9.68389 1.87524 -0.0363719 0.00135991
69 120.656 -14.1778 2.26538 -0.0536505 0.00162028
70 91.3931 -8.03659 1.58221 -0.0184949 0.00101864
71 111.268 -10.2916 1.79248 -0.0264282 0.00108722
72 96.6198 -4.97589 1.14201 0.00783924 0.000520438
73 146.595 -22.0915 3.19949 -0.0924421 0.00221121
74 61.0882 -1.04529 0.72884 0.0256031 0.000225731
75 111.004 -12.5905 1.96129 -0.0317864 0.00114238
76 112.72 -7.82868 1.60422 -0.0206666 0.00111259
77 60.9538 -3.31212 0.846531 0.024522 0.000166762
78 82.432 -4.6175 1.26412 -0.010989 0.000962155
79 73.191 -12.3985 2.17297 -0.0517996 0.00164321
80 81.7691 -4.38548 1.02148 0.0117306 0.00047732
81 129.901 -11.0031 1.79352 -0.0235876 0.00103749
82 65.8675 -4.40358 0.996071 0.0142969 0.000366727
83 93.7499 -8.6756 1.66675 -0.0219562 0.00107302
84 89.9141 -5.36825 1.18381 0.00358758 0.000637617
85 120.038 -9.57562 1.89043 -0.0381329 0.00144115
86 84.0862 -2.59291 0.909011 0.0156911 0.000473551
87 68.792 -7.82999 1.49196 -0.0114488 0.000859606
88 95.5804 -2.00287 0.705116 0.0319119 6.94264e-05
89 110.296 -8.64921 1.64177 -0.0234796 0.00119811
90 57.1716 6.68298 -0.258908 0.0742751 -0.000536078
91 78.3136 -3.30705 1.01316 0.0113177 0.000490145
92 79.4197 0.570908 0.49687 0.0382656 5.50078e-05
93 115.417 -2.36951 0.734812 0.034103 -1.76822e-05
94 85.8908 0.473934 0.479748 0.039846 -5.5499e-05
