0 -48.2881 45.432 -4.37416 0.265345 -0.00365394
1 72.3999 6.25855 0.342233 0.0284293 0.000741794
2 76.2344 8.91836 0.375934 0.013139 0.00112937
3 23.4525 21.5707 -1.4762 0.123274 -0.00106568
4 0.339546 29.1854 -2.61642 0.192539 -0.00252683
5 54.5191 13.4539 -0.410599 0.0631332 3.97723e-05
6 34.7044 8.73739 0.563281 -0.00764594 0.00159372
7 41.1644 17.4128 -1.14047 0.107927 -0.000903671
8 67.9047 7.78891 0.0760141 0.0410677 0.000423937
9 61.939 16.5103 -0.926028 0.09175 -0.000525736
10 117.714 -5.73175 1.57462 -0.0257203 0.00151329
11 82.8133 12.0346 -0.352853 0.0613335 7.62057e-05
12 119.424 -3.61846 1.52301 -0.036012 0.00200986
13 91.2789 7.03828 0.205312 0.0308235 0.000652672
14 58.1285 13.9408 -0.764484 0.0847718 -0.000331542
15 43.3838 16.7529 -1.1478 0.105405 -0.000726653
16 68.3607 13.0818 -0.958143 0.106229 -0.000866754
17 4.86135 28.2013 -2.14033 0.141389 -0.00114013
18 -0.20465 36.1578 -3.39242 0.219113 -0.00282686
19 16.3175 24.9341 -1.84809 0.131424 -0.00104399
20 3.73116 42.5191 -4.25831 0.263222 -0.00364558
21 -14.0788 39.274 -3.56758 0.218949 -0.00262657
22 128.65 0.108066 0.919292 -0.00255913 0.00128254
23 80.239 5.13984 0.0900082 0.0515705 0.000152401
24 22.9049 30.2443 -2.90286 0.200121 -0.00261171
25 12.8565 30.6007 -2.56011 0.164717 -0.00163176
26 20.1599 33.741 -3.28767 0.217049 -0.00277792
27 87.0146 13.694 -0.860049 0.0947064 -0.000557829
28 82.6858 11.2442 -0.463396 0.0692422 -5.21702e-05
29 -13.9315 42.2593 -3.95719 0.239019 -0.00310471
30 33.6779 29.7019 -2.74973 0.190056 -0.00240529
31 30.7354 28.2159 -2.53671 0.175373 -0.00201105
32 40.9944 14.2468 -0.840111 0.0923378 -0.000467029
33 30.6785 12.2826 -0.812528 0.103993 -0.000886782
34 38.0339 14.1978 -0.734102 0.0885763 -0.000546866
35 49.613 10.9472 -0.466709 0.079783 -0.000462615
36 97.1489 -7.36349 1.68753 -0.0289504 0.00145192
37 -72.3913 47.7619 -4.86368 0.295896 -0.00418795
38 18.6848 20.6395 -1.36999 0.112714 -0.000852575
39 27.3859 13.9073 -0.649047 0.0810179 -0.000342135
40 34.0326 15.9158 -0.704192 0.071459 -2.32115e-05
41 51.9105 12.2248 -0.321084 0.0553492 0.000183245
42 -10.248 30.0135 -2.55272 0.171941 -0.00193161
43 39.024 14.0731 -0.690563 0.0801539 -0.000266717
44 -7.7969 22.8256 -2.34194 0.189058 -0.00261917
45 32.2054 20.56 -1.35038 0.108847 -0.000704152
46 44.6495 13.6399 -1.21322 0.132611 -0.00160783
47 83.688 4.75944 0.206082 0.0392553 0.000349086
48 114.171 -8.25827 1.74496 -0.0371662 0.00169145
49 75.8918 5.87666 -0.0500377 0.0582757 -2.95972e-05
50 80.3405 4.33753 -0.0112036 0.064642 -0.000263002
51 128.495 -4.28986 1.22292 -0.00492144 0.00117897
52 66.6435 8.13311 -0.138615 0.0545209 0.000197466
53 3.89766 19.321 -1.47525 0.12334 -0.00118004
54 9.01536 22.3636 -1.67915 0.122172 -0.000893874
55 11.6446 21.4563 -1.67924 0.130454 -0.00120452
56 -17.6914 35.6406 -3.65347 0.234409 -0.00310472
57 74.5404 1.05852 0.55521 0.0255736 0.000603787
58 108.873 1.42774 0.35552 0.0397438 0.000190611
59 42.1125 12.6891 -1.0789 0.118419 -0.0012454
60 3.14026 18.8183 -2.05684 0.180529 -0.00259228
61 37.3137 13.5028 -1.00463 0.1085 -0.00101001
62 11.6308 24.977 -2.21277 0.159129 -0.00173425
63 -37.0093 29.2326 -2.70786 0.180474 -0.00206078
64 153.193 4.19233 0.0484349 0.0682102 -0.000354813
65 126.148 3.53274 -0.0280012 0.0810969 -0.000714152
66 161.442 -0.391427 0.493986 0.0542899 -0.000209299
67 109.871 5.79425 -0.385787 0.09781 -0.000995769
68 136.279 -0.968761 0.507051 0.0506077 -0.000131983
69 114.657 7.6527 -0.64234 0.116876 -0.00139305
70 149.728 2.33774 0.00553994 0.08189 -0.000733144
71 150.209 -0.281241 0.447017 0.0547014 -0.000140351
72 122.883 3.8063 -0.186372 0.0926709 -0.000991901
73 158.599 1.93169 0.149627 0.0711471 -0.000521376
74 150.357 -1.44216 0.66383 0.0408877 0.000115047
75 89.1362 8.19138 -0.577784 0.102905 -0.000976339
76 157.034 -3.08375 0.738556 0.0443399 -0.000115376
77 152.216 -11.1333 1.95865 -0.0381271 0.00189162
78 89.566 7.92049 -0.346909 0.0803767 -0.000413874
79 97.3644 9.71363 -0.468555 0.0886349 -0.000647753
80 92.5442 10.0438 -0.493289 0.0858305 -0.000538699
81 151.604 -0.134045 0.608143 0.0352325 0.000361739
82 90.4616 17.4918 -1.52574 0.146117 -0.00176745
83 122.366 4.67797 0.116451 0.058082 -5.24995e-06
84 33.844 38.2536 -4.32758 0.30155 -0.00469946
85 106.813 12.1305 -0.613702 0.0884768 -0.000530768
86 83.0415 17.6881 -1.23401 0.118093 -0.000959147
87 64.6489 20.2451 -1.45594 0.128567 -0.00116124
88 84.5491 11.3288 -0.737565 0.105203 -0.000930877
89 146.557 3.73251 0.204119 0.0609287 -0.000141535
90 136.467 5.77283 -0.0189219 0.0743767 -0.000503253
91 97.2827 5.69363 0.326742 0.0349779 0.000548887
92 46.6032 27.8855 -2.5173 0.186229 -0.00224685
93 177.787 -14.679 2.90778 -0.0961313 0.0029561
94 156.221 -1.89072 0.861664 0.0292129 0.000313184
