0 8.90043 12.2913 -0.447036 0.0688539 -0.0003029
1 27.1839 5.1367 0.226262 0.0423384 5.65934e-05
2 74.1552 -8.15112 1.62635 -0.0185191 0.00102264
3 72.1092 2.8024 0.779481 0.00243043 0.000927351
4 45.2241 2.15885 0.839244 0.00123121 0.000904156
5 50.4963 -1.5833 1.25293 -0.0200874 0.00133159
6 54.3408 3.53377 0.458823 0.0276189 0.000343177
7 36.5065 9.35443 -0.102184 0.0493076 3.09611e-05
8 43.5886 9.45696 -0.271568 0.0649315 -0.000354873
9 40.5436 4.94089 0.560093 0.0116966 0.000726822
10 54.4963 -6.58733 1.94085 -0.0535954 0.00181583
11 25.3516 11.7461 -0.602288 0.0806086 -0.000558256
12 23.705 3.44958 0.195923 0.0472191 -0.00010418
13 102.319 -16.0114 2.62915 -0.0769296 0.00208536
14 51.3702 -6.85472 1.80467 -0.0421052 0.00156911
15 12.7413 12.0675 -0.29426 0.0525109 5.65718e-06
16 29.255 15.9891 -1.07704 0.100208 -0.00087355
17 -0.79203 16.2745 -0.734136 0.0717747 -0.000275871
18 2.93156 19.2186 -1.12636 0.0900908 -0.000573831
19 33.0564 13.4836 -0.611925 0.0722729 -0.000338238
20 18.3541 15.0104 -0.931406 0.0927831 -0.000768912
21 -0.613082 7.2594 -0.0830358 0.056674 -0.000175028
22 33.8127 9.87017 -0.250199 0.0571635 -8.48898e-05
23 16.4739 14.167 -0.685324 0.0751128 -0.000399738
24 1.38237 21.8884 -1.594 0.120379 -0.00116784
25 10.2223 11.9938 -0.661197 0.0825578 -0.000670595
26 42.7226 5.70077 -0.0638245 0.0578982 -0.000252193
27 26.5245 10.728 -0.474781 0.0719437 -0.000419642
28 37.2537 7.91895 -0.203097 0.0608192 -0.000280257
29 39.7192 8.50072 -0.0122526 0.0399524 0.00017985
30 52.4318 10.7303 -0.697938 0.0921197 -0.000935895
31 -19.3132 21.3076 -1.82461 0.139341 -0.00169894
32 41.3633 17.764 -1.04947 0.0972926 -0.000753506
33 49.213 0.672657 1.1399 -0.0150307 0.00128239
34 51.6312 2.65013 0.720676 0.0125703 0.000682042
35 105.809 -10.8287 2.30971 -0.06586 0.00203273
36 103.718 -1.2116 0.914797 0.0111297 0.000590243
37 80.203 -9.18876 1.93331 -0.0404223 0.00149257
38 112.411 -4.66038 1.50564 -0.0254096 0.00133277
39 36.9616 7.92815 0.141275 0.0360336 0.000369959
40 64.9449 4.72831 0.20379 0.0440497 1.05052e-05
41 59.9636 5.10069 0.25197 0.0363753 0.000289362
42 91.3316 -5.01675 1.32785 -0.0103003 0.000980418
43 107.217 -7.0144 1.67728 -0.0309887 0.00140264
44 88.4922 3.5766 0.380987 0.0348596 0.000227345
45 60.0859 2.19368 0.645471 0.0191201 0.000564913
46 58.025 10.2533 -0.450462 0.074525 -0.00049102
47 97.9003 -8.58822 1.91301 -0.0467835 0.00164039
48 98.1684 -7.85434 1.41047 -0.00778078 0.000849091
49 72.2561 7.73854 -0.207845 0.0629284 -0.000274276
50 99.1575 -2.21244 0.791677 0.0179731 0.000454869
51 79.2069 9.81003 -0.567125 0.0861162 -0.000774837
52 97.3378 3.18975 -0.0276041 0.064666 -0.000460212
53 83.9286 14.8675 -1.16224 0.109995 -0.00112568
54 92.0058 4.07662 -0.0537363 0.06243 -0.000324768
55 52.8519 12.2706 -0.911973 0.0978767 -0.000916165
56 66.6162 10.0601 -0.935939 0.106656 -0.00113773
57 83.207 8.85012 -0.454112 0.0756206 -0.000503253
58 62.6121 11.4923 -0.881459 0.098657 -0.000957588
59 91.4205 2.14421 0.319824 0.0412312 1.88203e-05
60 59.4131 12.4064 -0.879398 0.0956736 -0.000875771
61 65.9134 12.5265 -0.95798 0.105966 -0.00115343
62 43.0413 12.471 -0.539427 0.0695461 -0.000308012
63 106.445 -0.168786 0.651778 0.0216189 0.000383283
64 86.2296 10.1698 -0.38518 0.0711094 -0.000442979
65 149.666 -15.3533 2.6448 -0.0821362 0.00220397
66 128.379 -16.8614 2.69853 -0.0786603 0.00205105
67 77.1782 6.67473 0.2966 0.0243563 0.000469764
68 94.0807 6.11315 0.23193 0.0341641 0.000289701
69 109.655 -6.19901 1.44464 -0.0206645 0.00108383
70 128.227 -6.16233 1.57493 -0.0306537 0.00132564
71 116.107 -4.62325 1.26408 -0.0116645 0.00101027
72 129.74 -11.915 2.07133 -0.0490209 0.00155051
73 148.696 -6.87211 1.50646 -0.0216585 0.00104799
74 108.459 -3.37467 1.09881 -0.000681383 0.00068787
75 123.13 -4.24854 1.0681 0.00416214 0.000549098
76 72.026 14.3468 -0.678092 0.0740406 -0.000374865
77 119.717 -3.61848 0.947439 0.0107966 0.000442181
78 82.0058 9.71811 -0.677099 0.0897588 -0.000880756
79 102.837 1.45069 0.552506 0.021931 0.000344726
80 105.039 10.4437 -0.615748 0.0822723 -0.000764824
81 93.5486 3.82127 0.19547 0.0419219 -4.74653e-05
82 124.547 6.3383 -0.0825918 0.0530763 -0.000190774
83 99.3478 3.18188 0.313978 0.0325274 0.000184491
84 59.0874 18.1041 -1.51056 0.125683 -0.00143992
85 52.9484 18.6698 -1.51854 0.125654 -0.0014667
86 77.9602 10.6658 -0.799055 0.100327 -0.00122459
87 57.0823 17.1229 -1.5023 0.130711 -0.0016405
88 137.749 -1.63664 0.721668 0.02149 0.000317048
89 83.4405 9.28638 -0.678694 0.0949453 -0.00110544
90 45.3297 19.017 -1.53335 0.124073 -0.00143725
91 85.0431 10.776 -0.636585 0.0827921 -0.000737833
92 32.4842 25.9835 -2.7211 0.197364 -0.00286535
93 91.5958 6.55535 -0.201452 0.0643829 -0.000383877
94 101.903 7.74919 -0.233804 0.0600666 -0.000239269
