0 77.9871 6.47031 0.635035 0.00189097 0.000964866
1 79.5042 17.533 -1.10549 0.104188 -0.00105049
2 70.1907 15.5423 -0.675044 0.07621 -0.000465262
3 107.745 9.92484 0.00325214 0.0381924 0.000320659
4 92.9432 4.29078 0.694157 0.00510461 0.00082395
5 98.4382 12.379 -0.565737 0.0781141 -0.000574774
6 79.261 10.7927 0.105328 0.0239846 0.000692794
7 98.1363 9.59123 0.0839406 0.0302506 0.000431238
8 107.762 8.58269 0.145027 0.0261656 0.000654741
9 89.611 3.51844 0.908905 -0.00847159 0.00106167
10 59.9301 21.0287 -1.42357 0.113009 -0.00110249
11 128.385 10.2119 -0.370558 0.0706145 -0.000518944
12 80.2013 12.2532 -0.323796 0.0532641 2.93199e-05
13 85.8065 13.8253 -0.693387 0.0818304 -0.000683068
14 55.1254 21.8565 -1.36526 0.0980385 -0.000640835
15 82.0177 15.2527 -0.963303 0.0963787 -0.000931562
16 106.933 13.6076 -0.970792 0.102769 -0.00112106
17 33.5027 27.656 -2.25004 0.149298 -0.00162817
18 125.223 5.67074 0.0348531 0.0541957 -0.000227785
19 120.352 9.66572 -0.279963 0.061606 -0.000257805
20 89.0894 15.4444 -1.2143 0.115892 -0.00129891
21 73.1154 15.2566 -0.721677 0.0771063 -0.000444739
22 54.2348 29.7474 -2.41845 0.156411 -0.0018135
23 53.0315 28.8789 -2.44708 0.160759 -0.00185395
24 83.9379 18.056 -1.31647 0.113013 -0.00117673
25 115.84 12.2392 -0.831399 0.0981613 -0.0010168
26 89.9865 17.3846 -1.00191 0.0857596 -0.000478819
27 82.9949 20.7255 -1.86217 0.149873 -0.00191662
28 27.5747 24.8543 -1.73575 0.117585 -0.00113572
29 73.8005 13.3651 -0.661947 0.0739557 -0.000376992
30 76.1276 14.5209 -0.717688 0.0776329 -0.000476568
31 63.1794 28.7522 -2.88151 0.200634 -0.0028412
32 77.594 22.9277 -1.76374 0.13479 -0.0015264
33 107.035 8.67605 -0.057393 0.0487614 -1.4143e-05
34 82.0987 6.83216 0.444326 0.0193693 0.00057986
35 121.448 6.60023 0.226864 0.0368516 0.00018609
36 63.6734 14.58 -0.54095 0.0627368 -8.87757e-05
37 69.4479 11.1255 -0.220168 0.0543399 -6.42781e-05
38 95.3874 4.64526 0.493265 0.0215333 0.000449854
39 97.8392 9.20585 -0.182598 0.0568608 -0.000218446
40 94.5371 13.3467 -0.669616 0.0781716 -0.000445737
41 85.93 7.50562 0.0698285 0.0383631 0.000221327
42 96.5365 9.74907 -0.163528 0.0484313 7.08537e-05
43 100.674 4.11175 0.390134 0.0258394 0.000428911
44 86.0286 13.3651 -0.776211 0.0859043 -0.000634506
45 92.1079 10.4458 -0.435834 0.0674004 -0.000310365
46 76.7862 10.22 -0.42543 0.0684873 -0.000402505
47 135.556 -1.1311 0.847676 0.0081977 0.000640272
48 95.4577 13.3868 -0.931335 0.0966562 -0.000929343
49 142.119 5.54871 -0.13519 0.0637124 -0.000438516
50 92.5898 19.0612 -1.4779 0.119185 -0.00125929
51 119.178 7.46638 -0.155127 0.0567134 -0.000199508
52 147.444 -4.72057 0.979126 0.00999972 0.000486256
53 123.133 3.726 0.22809 0.0370268 0.000112461
54 110.477 7.45953 -0.255053 0.0640634 -0.000347066
55 103.04 11.153 -0.813769 0.0932045 -0.000902159
56 94.8765 10.0718 -0.621267 0.0811747 -0.000679158
57 132.599 7.7251 -0.476107 0.0820179 -0.000752552
58 112.288 5.7171 -0.162446 0.0594238 -0.000250174
59 130.697 2.19232 0.263641 0.0419257 4.58197e-05
60 113.647 7.04619 -0.310372 0.0723569 -0.000547334
61 94.6064 17.9137 -1.26402 0.104212 -0.00101464
62 115.416 8.32877 -0.304583 0.0633502 -0.000359948
63 125.623 8.44918 -0.52731 0.0811809 -0.000740099
64 131.916 0.343968 0.595933 0.0236707 0.000286064
65 67.9882 19.9747 -1.39602 0.109865 -0.00104084
66 99.5798 1.05467 0.724027 0.0121175 0.000570255
67 93.9309 4.96931 0.567578 0.00309228 0.000940018
68 89.3207 4.11858 0.266222 0.0328182 0.000167882
69 170.367 -13.5167 2.18745 -0.0558762 0.00167038
70 162.45 -6.95442 1.65 -0.0371178 0.00144384
71 107.85 1.01984 0.615318 0.0173769 0.000452261
72 106.157 4.69573 0.255777 0.0325297 0.000203615
73 106.803 -0.337976 0.789524 0.00876578 0.000651904
74 124.311 1.22412 0.428992 0.0332343 7.18688e-05
75 71.2309 25.5815 -2.22997 0.153902 -0.0019357
76 58.5895 21.5914 -1.89608 0.144611 -0.001756
77 100.296 0.554628 0.871345 -0.00194395 0.000834824
78 47.212 17.2804 -1.22868 0.101231 -0.000870336
79 79.6328 18.0536 -1.22332 0.0998707 -0.0008728
80 114.768 3.84175 0.284684 0.0312707 0.000203393
81 84.1369 10.3131 -0.531121 0.0738395 -0.000553075
82 35.3805 24.9848 -2.20438 0.150775 -0.00183749
83 116.483 14.4986 -0.79048 0.0772793 -0.000490333
84 25.6322 31.2189 -2.93996 0.190917 -0.00249403
85 69.534 17.523 -1.10373 0.0930506 -0.000823543
86 101.094 16.8572 -1.23715 0.106815 -0.00111438
87 44.0933 28.0032 -2.57529 0.172002 -0.00221916
88 64.243 15.3662 -0.840996 0.0793944 -0.000514569
89 85.3631 12.53 -0.808925 0.0900642 -0.000868253
90 70.6853 21.1626 -1.86473 0.140066 -0.00172329
91 43.953 22.8682 -2.13632 0.157335 -0.00201071
92 99.4526 11.7382 -0.743059 0.0842875 -0.000703465
93 24.5037 21.9219 -1.6937 0.120991 -0.00126981
94 39.9829 32.1359 -3.01885 0.193531 -0.00265498
