0 69.4159 -6.69305 1.77058 -0.029597 0.00161154
1 80.0018 -5.24357 1.68803 -0.0290449 0.00164829
2 0.843574 17.4802 -1.24051 0.126549 -0.00128757
3 -41.8221 21.5705 -1.61848 0.139571 -0.00143714
4 68.6422 -0.699385 0.830831 0.0222954 0.000553784
5 35.196 6.8216 0.124572 0.0551432 -7.40663e-05
6 20.4759 16.8997 -1.21065 0.12535 -0.00134312
7 -45.8653 40.6256 -4.00326 0.258359 -0.00359285
8 72.3064 -4.96476 1.41941 -0.0114358 0.00123399
9 68.1458 -0.842043 1.07577 0.000357199 0.00110158
10 11.0097 9.6492 -0.248552 0.0654501 -4.49614e-05
11 10.0913 14.3528 -0.509557 0.068862 4.79049e-05
12 27.7262 21.6881 -1.99808 0.16895 -0.00214433
13 4.89181 11.4326 -0.28885 0.0606705 0.000105129
14 66.8193 0.390025 0.602305 0.0329049 0.000388309
15 53.9637 3.55481 0.43786 0.0344518 0.000436094
16 95.5106 -8.51231 1.74902 -0.027172 0.0014495
17 50.8839 7.65973 0.220194 0.0298364 0.000767575
18 23.9537 19.0134 -1.56556 0.139993 -0.00158182
19 2.42934 22.7415 -1.99262 0.159014 -0.00184648
20 73.4924 5.90934 0.0467629 0.0565201 1.0517e-05
21 16.1653 23.8271 -2.08522 0.161041 -0.00173236
22 55.9208 13.1781 -1.05312 0.121388 -0.00127679
23 42.3383 3.83937 0.326124 0.0396976 0.000332045
24 53.5436 11.7949 -0.585342 0.082317 -0.000343846
25 54.2787 2.70078 0.394986 0.0381849 0.000321207
26 20.3833 16.1746 -1.33855 0.130974 -0.00144846
27 27.8872 19.5768 -1.94322 0.169093 -0.00207039
28 -5.75192 20.5286 -1.2059 0.0996777 -0.000521245
29 -12.732 23.5509 -1.94537 0.152343 -0.00163966
30 38.1758 10.2775 -0.497965 0.0849277 -0.000484523
31 51.6893 8.2494 0.0660605 0.0385935 0.000622202
32 125.645 -8.25092 2.18466 -0.0658609 0.00233451
33 110.917 -7.02143 2.00662 -0.0549045 0.00210748
34 39.9772 19.5831 -1.34379 0.116801 -0.000997124
35 118.107 -1.71465 1.13338 -0.00637214 0.00121086
36 95.8343 5.83028 0.502491 0.0163388 0.000949325
37 127.912 -18.5224 3.09708 -0.0985076 0.00269255
38 92.3147 4.11119 0.123548 0.0610249 -0.00019614
39 71.6989 6.39465 -0.295923 0.0885789 -0.000750676
40 144.714 -9.72919 1.45821 0.00739948 0.000436127
41 95.744 -0.881232 0.785838 0.0217283 0.000578949
42 109.758 12.8129 -0.913343 0.108694 -0.0010091
43 140.121 -14.1474 2.2856 -0.0458491 0.00164633
44 98.6633 6.13166 -0.186109 0.0733892 -0.000423941
45 87.2854 9.51853 -0.733968 0.110636 -0.00129785
46 89.6362 6.47775 -0.30999 0.0872207 -0.000806703
47 35.234 21.0088 -2.14568 0.18282 -0.00251885
48 94.9259 11.7427 -1.14513 0.134974 -0.00164683
49 89.5076 1.11574 0.397731 0.0442067 0.000125931
50 113.455 -7.04459 1.51027 -0.0176978 0.00133059
51 71.6441 3.11703 0.703878 0.00669841 0.00105681
52 69.5531 9.82106 -0.502626 0.0787876 -0.000311368
53 72.3698 11.7804 -0.679464 0.0900155 -0.000534238
54 117.843 11.0815 -0.868642 0.109817 -0.00107784
55 111.596 3.80844 0.189938 0.0479825 0.000211872
56 98.9715 7.0106 -0.368371 0.0799736 -0.000531147
57 98.6145 7.45601 -0.223358 0.0692165 -0.000168789
58 56.4787 11.0346 -0.890205 0.107439 -0.00103185
59 93.4686 7.21844 -0.358841 0.0819799 -0.000472784
60 93.4619 6.55496 -0.151541 0.063173 -6.63658e-05
61 122.127 0.579043 0.38282 0.0491336 1.91189e-05
62 105.483 -1.04968 0.658644 0.0291756 0.000407991
63 92.052 -3.71774 0.947381 0.0148045 0.000612273
64 111.278 4.21409 0.184826 0.0450078 0.000199394
65 81.1752 15.0986 -0.405633 0.0478724 0.000439241
66 95.52 8.63683 -0.420416 0.0824963 -0.00049537
67 70.7885 13.6268 -0.739961 0.0826463 -0.00041356
68 147.2 5.7152 -0.0806407 0.0666098 -0.000288624
69 134.43 9.69853 -0.557444 0.0862947 -0.000713449
70 112.581 10.8128 -0.985757 0.122838 -0.00143663
71 118.507 7.76071 -0.168046 0.064085 -0.000150183
72 109.466 1.2312 0.468405 0.0383659 0.000190817
73 89.9476 12.446 -1.09148 0.122745 -0.00148709
74 141.988 1.43709 0.233368 0.0583868 -0.000313972
75 113.513 12.5876 -0.944858 0.106286 -0.000977347
76 134.347 0.978449 0.285641 0.053461 -0.000121792
77 84.9601 9.7622 -0.42907 0.0760096 -0.000394681
78 43.1125 23.5877 -1.79362 0.132581 -0.00130136
79 62.85 24.5915 -2.23268 0.163271 -0.00182198
80 96.7876 17.4936 -1.35452 0.121885 -0.00117925
81 -6.3207 40.4687 -3.79841 0.229651 -0.00282472
82 82.0093 10.3003 -0.0812054 0.0419259 0.000447966
83 124.617 2.60246 0.485145 0.0296681 0.000403289
84 87.2315 21.155 -2.01759 0.165211 -0.00206405
85 -3.12898 44.4513 -4.14736 0.244906 -0.00312085
86 51.3175 19.1877 -1.03512 0.0855162 -0.000273736
87 78.0868 17.8259 -1.10248 0.101013 -0.000806741
88 73.5093 24.5687 -2.12903 0.161092 -0.00186334
89 27.7574 27.9137 -2.48948 0.17758 -0.00226702
90 51.6423 19.0683 -0.934453 0.0785596 -0.000120085
91 53.2809 19.0945 -1.04832 0.0852841 -0.000217718
92 21.4206 27.2409 -2.32458 0.165102 -0.00186671
93 36.6703 19.4655 -1.30204 0.1066 -0.000764495
94 124.499 6.7599 -0.205033 0.0701333 -0.000394166
