0 139.317 -10.6541 2.19576 -0.0656765 0.00177453
1 139.946 -9.74287 2.00577 -0.0537441 0.00165774
2 140.429 -10.452 2.01931 -0.0503934 0.00149043
3 161.777 -17.3944 2.96659 -0.102899 0.00252457
4 126.735 -13.9581 2.53095 -0.0805879 0.00200898
5 116.207 -2.62375 1.03197 0.00255531 0.000446181
6 124.617 -3.60936 1.23992 -0.0163677 0.000891087
7 149.939 -10.1094 2.00416 -0.0529233 0.00155171
8 117.23 -3.35829 1.25213 -0.022416 0.00105725
9 135.431 -15.4557 2.76409 -0.0967003 0.0023744
10 141.496 -10.0393 1.97036 -0.0518494 0.00144531
11 109.48 -0.169812 0.861747 0.00165481 0.000620591
12 139.264 -5.11164 1.36263 -0.0223679 0.000926088
13 102.408 -2.51223 1.00593 -0.00182449 0.000580305
14 144.664 -5.69119 1.54868 -0.0377282 0.0013113
15 150.271 -8.50896 1.7588 -0.0415908 0.001314
16 118.064 3.99843 0.241614 0.0313194 0.000103399
17 107.509 -4.24495 1.29666 -0.0243466 0.00107044
18 109.659 -5.04768 1.3362 -0.0216328 0.000967694
19 123.159 -1.47115 0.961708 -0.00407703 0.000717424
20 116.805 2.19712 0.450041 0.0213717 0.000277007
21 120.453 2.26602 0.571188 0.0118864 0.000535819
22 107.544 -3.99369 1.16413 -0.0127383 0.000815048
23 152.942 -6.20316 1.53414 -0.0346616 0.0013004
24 173.323 -21.9336 4.13677 -0.176237 0.00360502
25 104.001 5.32863 -0.0499591 0.0508004 -0.000345261
26 137.083 -4.98981 1.28432 -0.0197399 0.000997587
27 104.146 3.17729 0.21932 0.0382923 -0.000124891
28 107.305 5.87634 0.0578758 0.0379544 3.71995e-05
29 92.5984 7.24077 -0.214654 0.0567889 -0.000363513
30 126.018 -0.702447 0.838581 0.00162345 0.000610116
31 113.082 1.28723 0.340328 0.0395643 -0.000303198
32 123.808 -4.91098 1.48758 -0.0325353 0.00133127
33 110.568 -16.9542 3.03435 -0.112954 0.00276006
34 111.161 -1.97781 1.11491 -0.0131378 0.000940364
35 100.288 -9.77616 1.96819 -0.049755 0.00143763
36 93.2255 -2.1652 1.15068 -0.0138439 0.000882564
37 88.9934 2.00768 0.414036 0.0305912 8.67323e-05
38 92.4854 -2.24786 1.13264 -0.0140477 0.000918912
39 94.5578 1.13766 0.55098 0.0245208 0.000105545
40 114.108 -3.06278 1.22151 -0.0207058 0.00105657
41 120.438 -10.2101 1.97742 -0.0524119 0.00153209
42 108.683 -2.73572 1.21859 -0.0227256 0.00118368
43 93.1202 -0.66574 0.857157 -0.000270876 0.000634856
44 111.339 -9.80895 1.94384 -0.0548346 0.00160321
45 116.693 -8.74755 1.89542 -0.0569512 0.00175065
46 129.423 -6.92075 1.78319 -0.05875 0.00188884
47 95.2419 4.69275 0.163885 0.0348778 7.03676e-05
48 100.849 -1.4155 0.967072 -0.00761745 0.000839264
49 79.8307 5.13991 0.176658 0.0305994 0.000186661
50 108.411 -1.37088 0.884494 -0.00384178 0.000772085
51 97.5262 3.05085 0.385369 0.0212191 0.000347707
52 105.937 -4.15104 1.37565 -0.036841 0.00153541
53 98.1855 7.73579 -0.309344 0.063015 -0.000489813
54 89.1747 9.32432 -0.420182 0.0607015 -0.000257777
55 96.4992 -2.47424 1.12334 -0.0195192 0.00112287
56 88.9964 -1.84628 0.938459 -0.00525549 0.000823071
57 67.1877 1.68185 0.581039 0.0129791 0.000429181
58 59.8687 16.2495 -1.32028 0.110854 -0.00134997
59 64.3753 8.08546 -0.336839 0.0661429 -0.000730785
60 72.8062 9.82236 -0.502222 0.0684771 -0.000527778
61 78.715 14.5329 -1.074 0.101741 -0.00119267
62 137.257 -10.9138 2.27255 -0.0865966 0.00251159
63 101.982 -2.70635 1.1888 -0.0257853 0.0012821
64 183.257 -14.5056 2.65445 -0.0865776 0.0021658
65 156.92 -4.93081 1.32579 -0.0148108 0.000945049
66 186.535 -16.8704 3.04237 -0.106224 0.00255829
67 144.003 -3.18945 1.05033 0.00150937 0.00042907
68 158.359 -15.2488 2.68062 -0.083539 0.00201164
69 170.05 -9.00438 1.76936 -0.031034 0.00104391
70 192.874 -12.3082 2.30347 -0.068601 0.00183666
71 180.357 -9.53259 1.90175 -0.0431766 0.00136011
72 154.768 -2.40902 1.04521 -0.00273645 0.00065571
73 150.83 -3.44947 1.0628 0.00434957 0.000396588
74 199.744 -16.3521 2.8473 -0.0986086 0.00246386
75 193.431 -15.383 2.72681 -0.0904969 0.00226876
76 146.001 -1.18182 0.81588 0.0131951 0.000258495
77 164.571 -6.6301 1.50427 -0.0238025 0.00101208
78 142.169 -3.13372 1.04175 -0.00327556 0.000580953
79 160.194 -3.37219 1.1801 -0.0131946 0.000900146
80 178.247 -2.11916 0.909669 0.00545417 0.000501513
81 137.819 -1.55916 0.988149 -0.00645746 0.000746295
82 177.754 -5.59476 1.40838 -0.0244503 0.0010785
83 137.993 -1.77406 0.884129 0.0058279 0.000476993
84 159.528 -0.967997 0.751275 0.016349 0.000297604
85 195.813 -17.0007 2.91545 -0.102751 0.00248927
86 113.359 9.49367 -0.573986 0.0844161 -0.000929698
87 159.298 -1.57705 0.991163 -0.00226296 0.000668367
88 169.522 -9.36283 1.93071 -0.0541646 0.00168175
89 177.514 -14.9953 2.58003 -0.0823369 0.0020828
90 126.064 13.3892 -1.06435 0.112155 -0.00154642
91 191.55 -15.2059 2.67958 -0.0897213 0.00212718
92 125.972 14.0598 -1.12657 0.110192 -0.00139887
93 155.845 -5.25962 1.46461 -0.0329094 0.0013763
94 173.044 -5.41522 1.46577 -0.0259135 0.00114998
95 160.342 -7.80723 1.96779 -0.0618762 0.00198288
