0 117.216 -40.0813 5.09324 -0.163905 0.00328221
1 39.806 -10.8273 1.81172 -0.0145656 0.00095758
2 4.60041 1.76185 0.558249 0.0376316 0.000239867
3 157.415 -51.0087 5.91921 -0.194059 0.00375831
4 101.031 -32.7078 4.21615 -0.12636 0.00277074
5 216.601 -72.2565 8.52053 -0.32956 0.00621452
6 80.5263 -23.0196 2.4645 -0.00873441 0.000152173
7 98.4742 -30.707 4.01949 -0.123555 0.00276954
8 67.2246 -20.1169 2.85291 -0.0684648 0.00192394
9 24.8826 -5.52391 1.51149 -0.0211307 0.00136818
10 100.527 -27.3801 3.49689 -0.0920701 0.00223571
11 39.0402 -3.05841 0.860519 0.0315504 8.35061e-05
12 168.852 -55.2329 6.62287 -0.243305 0.00483813
13 110.257 -34.976 4.34266 -0.132221 0.00290501
14 99.6896 -31.0549 3.78391 -0.102864 0.00234107
15 69.396 -19.3551 2.45464 -0.0393585 0.00125757
16 14.2577 0.387596 0.486924 0.040041 0.000127186
17 6.14425 3.64952 0.0593622 0.0657036 -0.0004043
18 -19.8932 15.3065 -1.06977 0.112198 -0.00110845
19 83.7785 -23.3353 3.0007 -0.0675874 0.00176805
20 90.8234 -28.4629 3.55269 -0.0992252 0.00246018
21 64.2965 -16.5678 2.53755 -0.0633042 0.0020395
22 -4.60751 10.2235 -0.596158 0.0911188 -0.000726155
23 59.002 -14.6561 2.16634 -0.0359956 0.00144416
24 25.2708 -1.24939 0.409402 0.0549596 -0.000343474
25 25.3422 -2.78098 0.813737 0.0298197 0.000231324
26 109.391 -34.1681 4.45957 -0.152413 0.00351724
27 12.7214 2.1791 0.279731 0.052338 -7.99082e-05
28 138.651 -45.3169 5.33581 -0.176391 0.00364549
29 28.48 -4.26495 0.871584 0.0300049 0.000193421
30 8.61403 6.82247 -0.119743 0.0663176 -0.000292654
31 109.842 -35.6067 4.22865 -0.125184 0.00273534
32 -11.74 16.6592 -1.2808 0.129728 -0.00144904
33 37.0998 2.87368 0.527594 0.0292384 0.000414755
34 34.0737 -8.86198 1.63502 -0.0108355 0.000824002
35 -7.54546 11.3806 -0.329152 0.0656373 -0.00014303
36 31.0208 -1.35308 0.964074 0.0100572 0.000656371
37 -2.71332 5.03251 0.637254 0.00942402 0.00097597
38 21.0254 7.56294 0.18709 0.0392239 0.000340769
39 9.91053 16.0545 -0.867174 0.0909776 -0.000573422
40 1.91912 4.09283 0.189921 0.052439 -3.92329e-05
41 40.7939 -3.66281 1.44563 -0.022551 0.00141711
42 -14.4593 17.0151 -1.38798 0.131811 -0.00148926
43 -8.97497 13.3777 -0.54677 0.075888 -0.000314029
44 -6.86303 14.0908 -0.939697 0.107215 -0.00101785
45 112.05 -33.3813 4.30112 -0.137839 0.00312738
46 25.0593 3.92868 0.372301 0.0349898 0.000314054
47 -11.364 15.4075 -0.823799 0.0867046 -0.000406222
48 -2.74577 6.25124 0.0871841 0.0463899 0.000182093
49 -20.0162 16.6165 -1.07771 0.10448 -0.000830964
50 -8.32956 10.4875 -0.469335 0.0770805 -0.000398429
51 -11.8784 10.31 -0.461265 0.0765446 -0.000332385
52 1.94348 17.7633 -1.35608 0.118776 -0.00112684
53 27.6196 2.25656 0.42772 0.0344763 0.000327526
54 11.1801 14.0064 -0.748837 0.0840239 -0.000451684
55 -21.8031 23.5286 -1.87748 0.139205 -0.00136828
56 -29.887 21.7496 -1.66352 0.129271 -0.0011949
57 -17.9615 20.706 -1.79217 0.143769 -0.00156352
58 -31.4594 22.2006 -1.89883 0.14306 -0.00150242
59 -17.8911 12.5655 -0.82027 0.0954052 -0.000669908
60 3.72892 10.5432 -0.643516 0.0863771 -0.00058184
61 -17.8054 14.9948 -0.90379 0.0934104 -0.000610189
62 -17.8774 13.7258 -0.943318 0.103274 -0.000861503
63 -27.875 21.308 -1.64658 0.125694 -0.00110575
64 95.8147 4.13666 0.495312 0.0286436 0.000513627
65 99.607 0.51687 0.720243 0.0220026 0.000555715
66 156.059 -2.45472 1.26071 -0.0114112 0.00113639
67 61.9404 8.94647 0.000318134 0.0438838 0.000297762
68 107.605 0.909163 0.983027 -0.00328478 0.00116268
69 141.997 -5.94564 1.67962 -0.0334332 0.00159626
70 62.3202 9.68461 -0.180196 0.0631482 -0.000155855
71 123.411 -3.42288 1.40978 -0.0204278 0.00132976
72 47.7035 11.7998 -0.0481 0.0368928 0.000507649
73 107.508 6.34836 0.109796 0.0483138 6.25294e-05
74 92.9984 6.86729 0.354597 0.021118 0.000751296
75 64.5343 22.8034 -1.68068 0.132576 -0.00128861
76 87.7996 12.5873 -0.28576 0.0553033 0.000136786
77 46.9631 18.7642 -1.18281 0.104541 -0.000813792
78 91.9184 12.5042 -0.628738 0.0835389 -0.000440234
79 55.9402 16.4731 -0.961198 0.0951873 -0.000611151
80 55.2494 19.7804 -1.45164 0.123345 -0.00115716
81 88.1229 14.6286 -0.694678 0.0823897 -0.000420404
82 22.7911 21.216 -1.27263 0.101809 -0.000634409
83 41.1111 19.8419 -1.43132 0.118362 -0.000990721
84 26.5555 33.8185 -3.04677 0.200026 -0.00244301
85 106.629 6.01018 0.316944 0.0329597 0.000429239
86 43.3092 31.0117 -2.55267 0.169733 -0.00186904
87 62.0599 20.8915 -1.29327 0.104597 -0.000688673
88 33.1016 31.1983 -2.70938 0.177917 -0.00202033
89 81.1711 4.55478 0.668133 0.00457976 0.0012329
90 65.764 12.5401 -0.093398 0.0342222 0.000706189
91 39.3577 26.2138 -2.07236 0.149423 -0.00153794
92 59.9563 16.4043 -0.80658 0.0806578 -0.000295367
93 50.9291 14.6496 -0.704925 0.0814599 -0.000325328
94 21.7464 32.6278 -3.08292 0.208615 -0.0026769
