0 35.2603 0.0383693 0.905882 -0.00285532 0.000837818
1 33.0867 -0.102541 0.763974 0.0145705 0.000392378
2 66.7489 -9.66011 1.98925 -0.0476514 0.00155992
3 25.2293 1.03615 0.750828 0.0137831 0.000431194
4 62.8561 -5.56814 1.64675 -0.039281 0.00145971
5 89.6874 -11.1303 2.35589 -0.0791739 0.00224011
6 64.1842 -3.52178 1.13787 -0.00249721 0.000619206
7 29.1967 7.51398 -0.346745 0.0816824 -0.0010722
8 86.7339 -11.3416 2.35694 -0.0774075 0.00215908
10 35.0255 -3.70681 1.28454 -0.0172925 0.00101394
11 76.3981 -7.71362 1.77358 -0.0405539 0.00139048
12 53.6176 -4.16749 1.23231 -0.0135023 0.000870313
13 83.3573 -8.73737 1.9266 -0.0530468 0.00165302
14 68.0071 0.126993 0.606221 0.0245542 0.000113186
15 83.8487 -2.49002 1.05935 -0.00426977 0.000720374
16 54.437 1.64013 0.549205 0.0223484 0.000275715
17 58.6647 6.85422 -0.113059 0.0556233 -0.000420702
18 65.2351 -3.06475 1.15877 -0.0103328 0.00084591
19 63.3838 3.23008 0.424724 0.024386 0.000226073
20 61.8611 1.00275 0.751023 0.00414718 0.00072257
21 54.7239 -6.29511 1.6359 -0.039574 0.00147838
22 26.9255 9.21663 -0.267399 0.0566131 -0.000259062
23 51.593 7.84136 -0.275407 0.0649144 -0.000513879
24 54.3465 -1.82039 0.975154 -0.00468356 0.000783635
25 60.0371 7.567 -0.269972 0.0635577 -0.000493954
26 49.8103 4.43467 0.116789 0.0429568 -0.00010685
27 32.1096 5.24239 0.00780011 0.050613 -0.000273541
28 16.8459 7.45492 -0.343135 0.074731 -0.000828858
29 32.2606 4.23325 0.223706 0.0351651 9.6308e-05
30 45.8494 5.53523 -0.00818217 0.0533761 -0.000348588
31 35.7436 10.2072 -0.762912 0.100564 -0.00138471
32 121.46 -18.3315 3.21883 -0.121658 0.00283189
33 72.6514 -5.84174 1.53762 -0.0286464 0.0010699
34 86.5048 -12.0538 2.36648 -0.0745283 0.00195852
35 81.4723 -7.60187 1.81242 -0.0497307 0.00165132
36 96.9584 -12.2436 2.43461 -0.0829118 0.00215448
37 86.9163 -10.5458 2.12374 -0.0626914 0.00180035
38 86.3454 -10.0975 2.16797 -0.0680025 0.0019132
39 92.8597 -6.87988 1.60925 -0.0340593 0.00122577
40 85.5954 -11.2519 2.11136 -0.0610564 0.00165521
41 113.487 -9.86495 1.85311 -0.0411148 0.00123942
42 68.1499 -2.16343 0.99743 -0.00331798 0.000612538
43 108.068 -8.38758 1.82259 -0.0480771 0.00148901
44 100.143 -11.0096 2.01705 -0.0520721 0.00145418
45 59.907 -8.08238 1.69191 -0.0367336 0.00119039
46 55.1007 0.549496 0.734432 0.00405326 0.000524582
47 108.169 -10.4989 1.92005 -0.0467477 0.0013613
48 78.2958 -5.06216 1.28797 -0.0163491 0.000870538
49 71.0114 -1.93633 1.05121 -0.0118695 0.000827293
50 73.3763 -2.23141 0.956562 -0.00105438 0.000631682
51 75.06 -2.36546 1.03531 -0.00519639 0.000644084
52 60.0054 -2.13332 0.978322 -0.00311867 0.000642819
53 54.3349 -0.216716 0.656089 0.0194891 0.000128375
54 63.3954 1.73 0.472584 0.0225058 0.00019392
55 66.2413 3.74729 0.285068 0.0317122 4.32204e-05
56 85.6631 3.26459 0.111098 0.0494018 -0.000467254
57 56.3185 -0.36059 0.652506 0.0170541 0.000201309
58 91.7908 -4.0914 1.10418 -0.00979364 0.000776454
59 99.3263 -3.89253 1.18247 -0.0136498 0.000848818
60 65.6042 0.0442652 0.742947 0.00477487 0.000579096
61 69.3264 4.2874 0.114863 0.0414005 -0.000178243
62 87.2308 -6.41849 1.58783 -0.0406405 0.00144727
63 86.2858 -0.602063 0.881161 -0.00501661 0.000779453
64 135.689 -3.15254 1.22941 -0.0143751 0.00092627
65 127.23 -0.43624 0.765978 0.0147818 0.000276905
66 118.839 -9.49139 2.0809 -0.0647412 0.00193256
67 100.879 -0.603483 0.78102 0.00940621 0.000488774
68 124.078 1.14999 0.526292 0.0255718 7.54338e-05
69 137.4 -5.64207 1.40712 -0.0239511 0.00106503
70 148.655 -13.5073 2.50366 -0.0879475 0.00232258
71 109.286 -3.03943 1.0973 -0.00590769 0.000707862
72 177.165 -13.1914 2.31501 -0.0684296 0.0017825
73 121.932 -7.93595 1.73747 -0.0403901 0.00136205
74 136.617 -8.3481 1.81951 -0.0490169 0.0015614
75 164.952 -7.08342 1.59165 -0.0341574 0.00122255
76 121.356 1.16201 0.696976 0.00712429 0.000570268
77 167.292 -12.9075 2.18478 -0.0612141 0.00165723
78 110.447 -6.23468 1.49246 -0.0334513 0.00121322
79 120.453 -2.18441 0.94275 0.00149274 0.000568887
80 125.329 -1.95394 1.00626 -0.0106145 0.00090647
81 118.667 -1.66569 0.881706 -0.00182524 0.000619274
82 134.41 -1.55894 0.886195 -0.00080936 0.000647537
83 144.383 -5.52131 1.48209 -0.0377625 0.00142851
84 138.758 -0.939798 0.850064 0.00451921 0.000599174
85 136.521 -2.7347 1.08186 -0.012026 0.000921288
86 132.408 -3.64162 1.25468 -0.022268 0.00111725
87 132.775 2.44686 0.509609 0.0148106 0.000475982
88 103.176 13.6007 -0.866418 0.0851472 -0.000741324
89 102.528 6.64406 -0.100603 0.0518389 -0.000257141
90 150.3 -10.9654 2.18313 -0.0739151 0.00213306
91 98.6093 9.73665 -0.51952 0.0724549 -0.000601671
92 59.9752 14.2216 -0.893555 0.0847276 -0.000766077
93 146.887 -0.429531 0.775336 0.00559005 0.000638831
94 138.452 -7.78589 1.72725 -0.0421008 0.00145697
95 91.3909 10.1647 -0.402324 0.0600094 -0.000283251
