0 77.1088 -26.5675 4.2624 -0.165834 0.00383669
1 158.669 -48.46 7.02924 -0.303289 0.00612229
2 152.03 -42.8866 6.17571 -0.252945 0.00513222
3 116.443 -37.8141 5.63531 -0.235984 0.0050197
4 1048.83 -298.369 30.6787 -1.25844 0.020069
5 298.147 -83.2862 10.3128 -0.436259 0.00804002
6 560.859 -164.426 17.943 -0.740915 0.012448
7 302.517 -92.4858 11.0309 -0.457535 0.0081648
8 169.29 -49.1773 6.556 -0.268472 0.00536265
9 96.0759 -24.5825 4.13345 -0.165456 0.00382828
10 230.282 -66.9067 8.65451 -0.365135 0.00696322
11 100.428 -31.2058 5.04864 -0.209828 0.00451102
12 115.291 -31.9197 4.84462 -0.193622 0.00415692
13 160.385 -42.5978 5.91213 -0.239932 0.00490501
14 102.681 -25.8628 4.14642 -0.161488 0.00359762
15 243.767 -71.8353 8.47004 -0.334272 0.00613962
16 435.462 -198.034 35.4316 -2.72489 0.0763796
17 412.611 -196.236 35.5802 -2.72509 0.0752329
19 -68.7466 -172.896 40.0202 -2.52006 0.0356893
20 399.148 -195.246 35.5838 -2.71383 0.0761332
21 -14990 6378.76 -1003.56 69.2643 -1.76399
22 -17429.7 6956.51 -1016.59 64.6962 -1.51372
23 -8471.66 4834.03 -1014.79 93.4988 -3.19182
24 -4473.25 1799.9 -263.926 16.7744 -0.387766
25 -4470.28 1800.26 -263.883 16.7796 -0.38713
26 -4443.98 1800.92 -263.952 16.7661 -0.388661
27 -4456.13 1800.01 -263.998 16.7673 -0.387898
28 -4393.28 1794.77 -265.044 16.7287 -0.372363
29 -4586.25 1810.79 -262.945 16.7576 -0.392763
30 -4674.33 1850.92 -264.763 16.2578 -0.357288
31 -4105.9 1810.75 -273.224 15.8929 -0.247098
32 102.116 -19.3782 3.73039 -0.138545 0.00340585
33 112.106 -36.5728 5.86738 -0.251137 0.00547875
34 51.97 -18.7335 3.71226 -0.143652 0.00353784
35 114.441 -33.9974 5.10486 -0.196019 0.00422793
36 121.155 -28.3168 4.36886 -0.157004 0.00344409
37 120.521 -34.258 5.31618 -0.218731 0.00486864
38 12.4546 4.29938 0.87582 -0.00303855 0.00123437
39 39.4096 -7.466 2.28626 -0.0712974 0.00225466
40 34.5813 -1.86542 1.64322 -0.0450486 0.00188621
41 37.905 -6.36034 2.22497 -0.0747403 0.00241192
42 76.5025 -12.644 2.92682 -0.104627 0.00282498
43 73.3426 -25.3991 4.3107 -0.167017 0.00385659
44 84.5152 -15.2209 3.01872 -0.103496 0.00271133
45 55.6633 -16.6024 3.3636 -0.125004 0.00317362
46 52.6152 -4.52166 1.61608 -0.0350889 0.00159197
47 137.495 -31.8655 4.25784 -0.140973 0.00309704
48 -14.3626 10.892 -0.100018 0.0419342 0.000455639
49 -6.74519 8.6817 0.0967929 0.038968 0.000331134
50 55.7628 -0.955517 1.08559 -0.00487703 0.00100293
51 12.902 6.06634 0.306306 0.0314553 0.000375145
52 81.6044 -8.50269 2.05465 -0.0563004 0.00193766
53 47.8313 -4.91805 1.7056 -0.0383449 0.00163566
54 -88.088 34.6127 -2.53291 0.144428 -0.00120359
55 123.484 -19.888 2.85659 -0.075981 0.00205557
56 98.5132 -17.4888 2.54251 -0.0613659 0.00182021
57 -43.3883 27.5892 -2.1199 0.142369 -0.00136866
58 49.7664 -4.0719 1.56412 -0.0341264 0.00155197
59 -7.304 13.8435 -0.447803 0.0613206 2.82097e-05
60 4.49984 15.3135 -0.549267 0.062898 1.81711e-05
61 136.671 -19.7296 2.63678 -0.0635767 0.00184536
62 68.3009 -6.92926 1.59744 -0.0293019 0.00145271
63 33.3199 4.92943 0.260002 0.0319035 0.000412234
64 153.652 -21.8565 3.45656 -0.12433 0.00305782
65 183.56 -24.4925 3.27184 -0.0982565 0.00244245
66 177.094 -28.3719 4.41939 -0.175464 0.00397549
67 283.729 -61.1782 7.53636 -0.299078 0.00570054
68 66.6673 6.94051 0.423006 0.0119604 0.000849139
69 330.616 -79.6938 9.644 -0.39581 0.00721016
70 213.173 -37.4498 4.85228 -0.171091 0.00355176
71 111.764 -11.7602 2.49294 -0.0788888 0.00224677
72 69.8938 -0.794687 1.46457 -0.0416532 0.0017418
73 100.612 -11.438 2.46303 -0.0798495 0.00228944
74 143.55 -16.0817 2.79216 -0.0874204 0.00229039
75 148.861 -24.4925 3.56142 -0.119604 0.00279799
76 71.2305 6.26092 0.363232 0.0239121 0.000535135
77 109.598 -7.61663 1.76877 -0.0377179 0.00147942
78 169.647 -25.3228 3.32981 -0.0970214 0.00224008
79 67.4589 3.39435 0.877669 -0.0110528 0.00123019
80 47.2813 16.2728 -0.80665 0.0741925 -0.000225104
81 188.055 -25.0032 3.32225 -0.0991206 0.00239105
82 73.5535 2.48817 0.413397 0.0325943 0.000228224
83 118.007 -7.15856 1.92816 -0.0555476 0.00187003
84 106.046 -4.67211 1.57318 -0.0364377 0.00153727
85 69.201 8.98346 -0.289783 0.0628027 -0.000194685
86 92.7901 -7.77221 2.15551 -0.069866 0.00215671
87 69.6706 3.24342 0.878749 -0.00940266 0.00116151
88 33.3053 22.2576 -1.22892 0.0861457 -0.000394688
89 51.5019 7.63911 0.0532677 0.0457439 2.87859e-05
90 38.9518 16.542 -1.23104 0.109702 -0.001079
91 139.845 -14.4865 2.18836 -0.0464157 0.00150676
92 62.6745 4.39412 0.466834 0.0193436 0.000562258
93 39.0107 15.4858 -0.964933 0.090968 -0.000696497
94 151.675 -29.2912 3.90115 -0.125619 0.00273978
95 149.573 -19.2364 3.29097 -0.121327 0.00293672
