0 121.774 -5.62679 1.35522 -0.00675116 0.000783219
1 122.572 -14.4552 2.2211 -0.0397484 0.00119458
2 92.5307 -0.403518 0.60263 0.0382173 -0.000122977
3 87.8593 -0.22155 0.680227 0.0289958 0.00012022
4 128.467 -18.0057 2.9843 -0.0969549 0.00248272
5 73.0781 -5.01832 1.38565 -0.0163122 0.00112008
6 108.323 -14.0968 2.43198 -0.066814 0.00193673
7 23.7121 18.6954 -1.87387 0.167998 -0.0025786
8 135.414 -14.6001 2.24116 -0.0479612 0.00144606
9 51.4784 5.46589 -0.0270688 0.0637527 -0.000573787
10 83.1407 -2.5049 0.771167 0.0318575 -9.24317e-05
11 135.677 -16.8045 2.68043 -0.0768922 0.0020286
12 98.88 -6.29923 1.29515 -0.0062579 0.00082687
13 82.8111 -2.64658 0.825536 0.0205609 0.000370547
14 80.7954 -6.54173 1.36056 -0.0101114 0.000891106
15 101.203 -3.85469 0.849433 0.0225396 0.000170592
16 96.9181 2.01898 0.0982448 0.0662936 -0.000733358
17 106.741 -3.06151 0.740114 0.0298574 3.78787e-05
18 85.334 -1.05599 0.553741 0.0404112 -0.000191515
19 58.7959 0.857714 0.363566 0.0479736 -0.000381698
20 78.271 5.70581 -0.337374 0.0821952 -0.000858783
21 96.683 -7.31525 1.36076 -0.00420509 0.000706172
22 116.683 -4.32002 0.988308 0.0121594 0.00039545
23 68.3684 5.5598 -0.309298 0.0843486 -0.000959119
24 97.6173 -14.8194 2.32792 -0.0590578 0.00167425
25 105 -6.71824 1.19885 0.000218736 0.000633885
26 62.4479 2.59884 0.0144691 0.0643382 -0.000609235
27 135.922 -13.4631 2.22698 -0.0580375 0.00182196
28 98.0083 -4.34556 1.09341 0.00288259 0.000671467
29 109.006 -3.29445 0.800513 0.0218666 0.000283998
30 88.1955 -2.98148 0.925884 0.0122338 0.000443309
31 99.57 -8.79549 1.57342 -0.0232421 0.00113017
32 90.5167 -3.06503 1.28841 -0.0135777 0.00116933
33 121.594 -13.1359 2.24001 -0.0514271 0.00168446
34 129.376 -16.0174 2.64517 -0.0725641 0.00203351
35 120.587 -6.42437 1.34943 -0.0023309 0.000756951
36 98.8906 2.69597 0.109845 0.062471 -0.000496084
37 91.005 -7.82028 1.47766 -0.0105329 0.00087002
38 96.0124 -9.66748 1.76252 -0.0285045 0.00128442
39 164.565 -17.1338 2.581 -0.0646245 0.00181665
40 104.351 0.247401 0.385736 0.0475412 -0.000212256
41 114.642 -11.3693 1.83994 -0.0271015 0.00110546
42 117.27 -4.99612 1.14421 0.00504021 0.000619476
43 129.421 -12.6539 1.96827 -0.0349985 0.00128993
44 51.1653 7.27365 -0.444628 0.0872019 -0.000856081
45 112.412 -4.65078 1.09018 0.00525386 0.000620582
46 110.88 2.12488 0.260024 0.0462254 -5.91052e-05
47 103.745 -6.78834 1.25577 0.00034928 0.000624214
48 79.8454 -0.522512 0.426767 0.0441046 -0.000188054
49 89.8531 6.1855 -0.382962 0.085773 -0.000815639
50 100.981 3.35214 0.042264 0.0588912 -0.000354004
51 120.404 -5.0798 0.9743 0.0140933 0.000418172
52 103.109 3.11485 -0.274525 0.0916309 -0.00114219
53 83.7553 -4.13129 0.828909 0.0242124 0.000196505
54 116.188 -8.12658 1.39424 -0.00762521 0.000788103
55 80.4485 4.73023 -0.285374 0.0798371 -0.000788931
56 67.8645 4.68109 -0.359657 0.0863368 -0.000926129
57 113.068 -1.55756 0.45271 0.0447611 -0.00015215
58 105.49 -4.95632 0.916484 0.0166472 0.000419025
59 110.405 -5.33406 1.15566 -0.00143257 0.000812362
60 125.164 -3.17193 0.643038 0.0363297 -2.72823e-05
61 91.7324 -4.45349 1.02311 0.0104579 0.00051562
62 97.9642 5.20545 -0.241666 0.0753406 -0.000696697
63 81.6807 5.40909 -0.257185 0.0742578 -0.000637415
64 157.949 -8.42988 1.50891 -0.0144164 0.00094951
65 162.534 -12.0128 1.85293 -0.0291204 0.00114821
66 164.431 -14.3571 2.27933 -0.0522107 0.00165371
67 162.975 -4.57033 0.940274 0.0149907 0.00041077
68 126.467 -5.9769 1.17373 0.00264278 0.000651652
69 167.923 -12.1199 1.94194 -0.0362376 0.00130243
70 139.828 -7.27982 1.42191 -0.0134262 0.000935036
71 175.778 -11.6643 1.85106 -0.0294177 0.00110471
72 173.301 -8.11883 1.38709 -0.00521615 0.000696339
73 130.486 -9.33872 1.59899 -0.0211072 0.00108484
74 127.891 2.11207 0.119468 0.0579675 -0.000449033
75 144.13 -5.62322 1.10299 0.00345979 0.000632131
76 141.549 -2.3288 0.871356 0.011854 0.000568913
77 116.512 -5.53173 1.02162 0.0119703 0.000421412
78 165.994 -5.87046 1.11827 0.00511192 0.000607961
79 135.996 -3.44224 0.902117 0.0105446 0.000501092
80 138.829 -1.43106 0.509985 0.0402898 -0.000162679
81 123.065 -0.763578 0.577212 0.0256154 0.000259309
82 98.04 5.45236 -0.381185 0.0870678 -0.00103962
83 42.6507 22.6099 -2.34547 0.175433 -0.00239801
84 151.946 -10.1058 1.68179 -0.0273537 0.00124207
85 152.666 -10.0204 1.74278 -0.032902 0.00140135
86 92.9549 16.0725 -1.70377 0.155697 -0.00220358
87 85.2758 8.98807 -0.7398 0.100188 -0.00113924
88 126.24 2.82095 0.0497773 0.0588048 -0.000398852
89 123.808 9.57475 -0.753856 0.0978099 -0.00105331
90 94.4355 5.55937 -0.289748 0.0762122 -0.000633221
91 109.237 10.6393 -0.90187 0.107957 -0.00133362
92 61.0285 14.1578 -1.39747 0.137476 -0.00184481
93 112.147 0.570077 0.357074 0.0407683 -3.73515e-05
94 127.566 6.53699 -0.549853 0.0972699 -0.00119524
