0 7.60619 7.68454 0.385839 0.0188106 0.000814822
1 -19.0468 10.9996 -0.0826528 0.0512434 6.92076e-05
2 7.7586 6.82444 0.441534 0.0189935 0.000769432
3 -24.5922 29.3846 -2.38321 0.162177 -0.00172458
4 -35.8729 32.8411 -3.12699 0.215042 -0.00290249
5 -64.7829 28.6107 -2.25403 0.160515 -0.00185763
6 -34.987 15.5905 -0.48099 0.0635917 -7.94427e-05
7 -3.2958 5.79082 0.79222 -0.00210527 0.00115017
8 -76.6598 39.2197 -3.77822 0.243072 -0.00340579
9 -39.0659 17.3658 -0.763854 0.0787074 -0.000328967
10 25.5498 3.18152 1.11471 -0.0219957 0.00157633
11 -13.8485 9.42825 -0.271582 0.0680585 -0.000330083
12 3.66277 14.2494 -0.38435 0.0578656 0.000143687
13 39.1516 -4.11022 1.54665 -0.0332422 0.00164286
14 -12.2927 24.3671 -2.20925 0.174587 -0.0024323
15 -30.0332 28.2041 -2.16084 0.147309 -0.00150145
16 34.8689 2.81046 0.752093 0.00284644 0.0010655
17 -21.2747 20.827 -1.00985 0.0780581 -0.000130222
18 -45.6257 21.6859 -1.37792 0.104315 -0.000647489
19 -29.2147 18.497 -1.19196 0.109266 -0.000943367
20 -25.8918 32.1856 -3.16997 0.218228 -0.00308408
21 -12.6892 7.44575 0.345624 0.0193472 0.000864467
22 10.3002 9.88413 -0.107745 0.0469209 0.000304441
23 -1.26235 12.1819 -0.418891 0.0603211 0.000150476
24 -42.8006 28.0981 -2.42561 0.167087 -0.00191576
25 -70.2239 39.1445 -3.58099 0.220672 -0.00282451
26 -49.9695 29.4374 -2.16621 0.135048 -0.0011476
27 -16.6605 19.0387 -1.3489 0.116589 -0.00111238
28 -38.317 27.7206 -2.45647 0.169793 -0.00197211
29 -36.8807 26.8847 -1.7669 0.117068 -0.000865191
30 -35.3343 30.5626 -2.31427 0.145203 -0.00126004
31 -56.5542 29.2665 -2.40273 0.157808 -0.00157149
32 13.9741 21.6831 -1.67979 0.135797 -0.00134306
33 14.8876 15.6043 -0.913245 0.101008 -0.000875114
34 -0.391573 22.5352 -1.61571 0.127724 -0.0013356
35 72.919 0.149327 1.22806 -0.0225108 0.00158046
36 9.83311 22.2298 -1.96102 0.156394 -0.0018765
37 64.8218 5.16142 0.201056 0.0462233 0.000121614
38 -12.1992 14.2343 -0.641656 0.0752994 -0.000235206
39 31.6175 23.2924 -1.7853 0.138607 -0.00143824
40 5.40112 13.4169 -0.486051 0.0659935 -6.94079e-05
41 39.8979 13.3486 -0.697532 0.0828761 -0.000399722
42 -0.772335 21.8673 -1.32226 0.0997608 -0.000544258
43 13.5134 8.29068 0.0872365 0.0375148 0.000533726
44 9.16827 17.6228 -1.27893 0.118591 -0.0011522
45 -45.9179 37.6652 -3.5172 0.219636 -0.00281376
46 12.8426 22.8845 -2.14763 0.170108 -0.00217945
47 -16.7123 14.4612 -0.602766 0.0641691 0.000159463
48 0.793151 25.684 -2.33614 0.172903 -0.0020821
49 87.2376 1.58368 0.729036 0.0072259 0.00108962
50 -13.6375 26.2907 -2.03588 0.139974 -0.0012477
51 31.7443 10.7226 -0.498606 0.0757797 -0.000282787
52 -16.6477 29.1456 -2.8637 0.201283 -0.00262228
53 -8.48941 28.1041 -2.45746 0.166319 -0.00181772
54 61.3621 10.9548 -0.843704 0.105156 -0.00109782
55 28.8072 16.2038 -1.34 0.122897 -0.00129412
56 45.8338 13.6797 -0.927755 0.0955084 -0.000664697
57 108.312 -2.22912 0.985613 0.00159962 0.000974042
58 -36.2389 23.1852 -2.07256 0.153437 -0.00177284
59 32.4809 12.7772 -0.839346 0.0961044 -0.000766679
60 13.7836 19.8836 -1.74875 0.142095 -0.00161843
61 33.1139 18.2591 -1.43938 0.120858 -0.0011583
62 21.7181 24.5752 -2.46122 0.186779 -0.00255482
63 19.4883 18.9658 -1.49556 0.119184 -0.00100767
64 38.3504 1.28239 0.332902 0.0499021 -0.000133043
65 18.2394 14.2473 -1.06988 0.109916 -0.00101802
66 74.1999 -4.29546 1.00741 0.0170164 0.000463943
67 56.9734 7.29829 -0.438681 0.0880858 -0.000811028
68 71.1037 3.59549 0.0745429 0.061708 -0.00034893
69 79.9517 2.70862 0.216679 0.0492776 -1.13346e-05
70 40.7236 4.88804 -0.0977843 0.0671091 -0.000337773
71 48.4414 7.55991 -0.231921 0.0653123 -0.000178385
72 28.1097 5.57377 -0.156874 0.0694192 -0.000402133
73 74.4329 5.06436 -0.0539681 0.0660618 -0.000356382
74 70.0189 2.18302 0.212318 0.0543096 -0.000226221
75 37.9731 7.49953 -0.309357 0.0732246 -0.000415168
76 57.8358 11.8151 -0.491534 0.0721773 -0.000202658
77 41.6083 9.34073 -0.653883 0.093746 -0.000785167
78 19.934 18.9095 -1.70718 0.143754 -0.00166182
79 21.349 17.6102 -1.55125 0.138418 -0.00160525
80 23.9883 13.7212 -1.08576 0.112801 -0.00116062
81 2.83402 22.5056 -1.86891 0.142712 -0.00147234
82 15.7791 18.1485 -1.5268 0.132661 -0.00144276
83 58.4288 1.29046 0.511661 0.0331048 0.000244076
84 96.1958 -9.53535 2.16446 -0.072714 0.0026391
85 65.1316 0.496381 0.753174 0.0145809 0.000759156
86 -4.01433 26.4609 -2.24273 0.160005 -0.00175913
87 60.3699 0.709534 0.67609 0.0203268 0.000618774
88 -6.19913 29.7244 -2.70253 0.18762 -0.00238879
89 2.27249 16.8624 -1.20532 0.115833 -0.00109854
90 25.6783 11.8714 -0.418792 0.0700528 -0.00030619
91 41.923 2.89725 0.425112 0.0367683 0.000124567
92 18.0305 12.8889 -0.564489 0.0764416 -0.000371588
93 63.9531 10.0304 -0.461584 0.0773925 -0.000508048
94 35.7852 14.0305 -1.24264 0.132041 -0.00166653
