0 84.95 -6.45979 1.70205 -0.0271243 0.00153393
1 79.808 -2.13975 1.15189 0.00309471 0.00093641
2 78.8429 -4.38142 1.32397 -0.0017343 0.000962777
3 79.1221 7.62256 -0.0654124 0.0634265 -9.86208e-05
4 79.9215 -0.330822 0.832076 0.0234466 0.000514568
5 70.9965 -0.957588 0.954337 0.0134811 0.00069638
6 43.1619 8.62766 -0.0419823 0.0577659 3.29108e-06
7 144.666 -14.1941 2.61143 -0.0773645 0.00249017
8 87.4866 -3.59084 1.18944 0.00532608 0.000830025
9 92.6681 4.61374 0.244438 0.050111 9.05896e-05
10 79.0005 -3.94306 1.37571 -0.0161512 0.00144158
11 70.1988 2.88932 0.376256 0.0475317 -2.72857e-05
12 61.5853 10.9435 -0.573549 0.0891937 -0.000617113
13 84.2469 -1.56012 0.723786 0.0318865 0.000301063
14 65.3977 7.41242 -0.000192674 0.0539114 0.000117108
15 86.5631 -6.30724 1.61974 -0.0234445 0.00135587
16 86.8118 0.297274 0.796829 0.0133221 0.000841887
17 59.3793 2.87414 0.465504 0.0349853 0.000344433
18 83.5516 -2.22834 1.05568 0.00547591 0.000911
19 84.1328 0.264801 0.629449 0.0313358 0.000360111
20 129.688 -6.67149 1.44208 -0.0106405 0.00119146
21 111.925 1.25044 0.466352 0.0403483 0.000244721
22 65.3789 4.71964 0.0783856 0.059143 -9.62562e-05
23 42.0027 4.84078 0.388344 0.0280903 0.000685143
24 1.14198 24.0475 -2.13612 0.162113 -0.00188465
25 48.9014 8.85097 -0.411361 0.0798616 -0.000418941
26 112.502 -3.4555 1.11794 -5.36817e-05 0.00101161
27 95.3832 7.08935 -0.25052 0.0776818 -0.000461618
28 69.4547 2.73594 0.556325 0.0223147 0.000709257
29 68.5097 9.19912 -0.29739 0.0663771 -9.71042e-05
30 91.0335 0.0429952 0.633304 0.0318371 0.000350923
31 90.2681 -4.46098 1.20782 -0.00405963 0.00107913
32 99.0963 -3.06511 1.25078 -0.00840364 0.00116473
33 108.084 0.803291 0.846013 0.0104035 0.000825447
34 181.757 -8.85644 2.03595 -0.0487361 0.0018202
35 130.497 -4.57659 1.04284 0.017365 0.000469566
36 131.356 -5.36265 1.33889 -0.00621478 0.000992176
37 143.869 3.18204 0.483905 0.0311098 0.000386713
38 135.902 -10.9231 2.15121 -0.0525926 0.00194368
39 166.213 -9.33248 1.9009 -0.0382913 0.00163054
40 149.353 -12.5594 2.37323 -0.0652622 0.0021743
41 132.748 -1.63601 0.937631 0.00959638 0.000795215
42 128.188 -2.68197 1.18454 -0.00555712 0.00101241
43 130.869 -4.30756 1.314 -0.0102001 0.00109797
44 114.372 2.72708 0.301951 0.0464041 2.71711e-05
45 166.781 -8.94532 1.84474 -0.0375661 0.00164879
46 112.299 1.48032 0.530756 0.0316012 0.000356599
47 95.6717 8.09371 -0.399743 0.0802426 -0.000504471
48 145.218 -3.74107 0.918919 0.0203423 0.000453785
49 136.364 4.2521 0.0798037 0.0570518 -0.000138177
50 96.8094 1.5405 0.303751 0.0475321 1.76257e-05
51 98.3483 6.48544 -0.246025 0.0745574 -0.000454517
52 138.253 -8.2977 1.64537 -0.0271931 0.00148245
53 136.296 -1.18017 0.562103 0.0373909 0.000105746
54 159.781 -7.53688 1.33209 -0.000834166 0.000798859
55 105.427 -2.22788 0.811306 0.0181891 0.000608943
56 131.265 -2.57102 0.783556 0.0226601 0.000476824
57 125.173 0.739218 0.266879 0.0546135 -0.000153489
58 139.821 -7.66179 1.41526 -0.0135828 0.0011547
59 118.87 0.395849 0.418487 0.0465157 2.6771e-05
60 114.388 3.73252 0.165229 0.048146 0.000140182
61 130.151 3.08193 0.229199 0.0469117 0.000106472
62 77.7826 10.816 -0.54438 0.0818727 -0.000476203
63 122.482 -1.16311 0.666509 0.0288351 0.000328352
64 160.264 -9.89679 1.84104 -0.029816 0.00138703
65 163.799 -6.47297 1.58193 -0.0247002 0.00140657
66 181.599 -17.0572 2.78631 -0.078309 0.00223314
67 189.503 -14.4121 2.11905 -0.0349167 0.00129526
68 212.374 -17.0869 2.56815 -0.0593226 0.00176997
69 200.049 -14.2868 2.3847 -0.0587742 0.00190743
70 206.127 -5.73402 1.27736 0.00205042 0.000726521
71 164.938 -3.76965 1.08846 0.00889899 0.000670283
72 218.244 -19.47 2.904 -0.0786635 0.00215792
73 166.563 -10.7551 1.90253 -0.030415 0.00128166
74 147.053 -2.1983 0.763192 0.0287718 0.00024866
75 200.841 -4.45013 1.10218 0.00917985 0.000660178
76 195.916 -19.2835 3.01319 -0.0922245 0.0025499
77 142.665 -5.62277 1.43957 -0.014116 0.00113973
78 176.882 -9.58654 1.56308 -0.00651833 0.000829213
79 147.214 -4.31324 0.993607 0.0184407 0.000448639
80 208.144 -10.382 1.76818 -0.0209387 0.00114363
81 162.153 -8.4257 1.78946 -0.0352369 0.00159823
82 140.305 0.441493 0.587113 0.0339377 0.000280751
83 136.734 -4.46874 1.25076 -0.0060114 0.000977402
84 152.913 -6.61437 1.38619 -0.00531064 0.000992746
85 129.963 6.47355 -0.113955 0.0662828 -0.000272359
86 170.768 -6.39229 1.3161 -0.00163771 0.000902705
87 161.682 -3.99798 1.31804 -0.00959944 0.0011093
88 182.943 -17.5563 2.68341 -0.0704373 0.00211282
89 147.651 2.53054 0.557026 0.0226139 0.000642933
90 160.141 -5.92196 1.44415 -0.0130307 0.00125457
91 144.772 -1.54416 0.864582 0.0200217 0.000522136
92 158.531 -8.29579 1.60566 -0.0171159 0.00111395
93 148.479 -3.95898 0.981827 0.0151639 0.000595465
94 146.226 -1.94009 0.829637 0.0222314 0.000471265
