0 104.34 1.49589 0.42729 0.0590871 -0.000353494
1 82.2972 -2.31056 1.1005 0.0158275 0.00043446
2 66.3847 19.9932 -1.92531 0.18265 -0.00253711
3 95.6694 -6.61506 1.58191 -0.0163827 0.00128849
4 77.172 12.8341 -0.856786 0.1149 -0.00125207
5 87.5724 6.22092 0.211198 0.0477152 0.0001303
6 71.7046 11.7849 -0.751088 0.109216 -0.00118697
7 92.6222 0.326555 0.537551 0.049582 -0.000213089
8 139.677 -13.4351 2.5004 -0.065927 0.00215413
9 103.001 -4.15944 1.25265 0.00250742 0.000900765
10 148.57 -18.9325 3.06285 -0.0907806 0.00256377
11 114.127 -13.3257 2.41956 -0.0585617 0.00199996
12 142.285 -11.2367 2.05826 -0.035997 0.00148211
13 132.532 -11.6795 2.13609 -0.040159 0.0015847
14 73.2653 4.30976 0.31844 0.0448306 0.0001276
15 148.495 -15.1749 2.59355 -0.0687823 0.00217273
16 115.517 -5.67402 1.11063 0.0198621 0.000398935
17 90.5141 0.943801 0.517801 0.0404334 0.000184311
18 177.723 -20.3525 3.3252 -0.11226 0.00309384
19 136.274 -15.4744 2.56994 -0.0616901 0.00191802
20 133.591 -11.6019 2.19232 -0.0506201 0.00191602
21 130.171 -8.51212 1.79484 -0.0271253 0.00144256
22 130.9 -16.8042 2.83307 -0.0876187 0.00266903
23 102.031 -3.48233 0.949964 0.0228081 0.000424077
24 156.399 -7.89569 1.73137 -0.0297488 0.00162265
25 113.504 -0.747571 0.844177 0.0184303 0.000719748
26 70.4674 -3.22461 1.218 -0.00527296 0.00115214
27 96.8886 -1.56303 1.04124 0.00248845 0.00111453
28 120.477 -0.0645613 0.68293 0.0320446 0.000368482
29 92.3492 4.25081 0.239081 0.0487156 6.32302e-05
30 100.501 -0.00488798 0.878193 0.0131389 0.000739239
31 90.8736 -5.79132 1.43999 -0.0128889 0.00118005
32 82.4279 -5.52975 1.2815 0.000607901 0.0008234
33 82.5369 -4.68888 1.15674 0.00837126 0.000664246
34 59.8185 -8.50064 1.65393 -0.0167266 0.001047
35 101.8 -9.61531 1.60191 -0.00417187 0.000680509
36 116.891 -21.9823 3.25742 -0.0961923 0.00247439
37 60.7017 -5.11754 1.37055 -0.00770984 0.00102408
38 67.5981 -3.61926 0.945946 0.0222628 0.000302246
39 110.284 -6.28467 1.32757 -0.000205778 0.000764166
40 80.3883 -8.18504 1.4668 -0.00250195 0.000695237
41 77.4435 -3.09023 0.989988 0.0146737 0.000500216
42 88.5679 -0.299736 0.631944 0.0322687 0.000202934
43 54.0724 -0.364379 0.726325 0.0245232 0.000384754
44 88.1471 -10.585 1.85154 -0.0297984 0.00125472
45 91.8192 -11.1611 1.78792 -0.0202617 0.000995115
46 104.318 -8.86449 1.66509 -0.0222376 0.00121629
47 45.1578 -3.12197 0.938576 0.0148631 0.0005492
48 101.348 -3.92082 0.937069 0.0165204 0.000481522
49 64.4522 2.44045 0.0588227 0.0695529 -0.000601091
50 92.591 -2.47984 0.724537 0.0296632 0.000163048
51 66.0404 -3.5768 0.889034 0.0181249 0.000475391
52 37.8307 -0.363964 0.406244 0.0480258 -0.000139645
53 65.5193 -1.13775 0.683846 0.0260093 0.000382955
54 80.1164 -6.91749 1.27918 0.000889008 0.000750697
55 45.0373 4.30136 -0.167097 0.0772383 -0.000642032
56 74.2932 3.14593 -0.0232581 0.0684248 -0.000476991
57 49.2177 -0.683684 0.522298 0.0346403 0.000214016
58 50.5826 0.212344 0.292429 0.0503472 -0.00013262
59 71.3836 -0.162637 0.442101 0.0427605 5.26993e-06
60 65.3896 -2.82801 0.717041 0.0323015 0.000137525
61 73.5522 -6.70222 1.24424 0.00211881 0.000745889
62 69.5042 -4.76205 1.03529 0.0131957 0.000554665
63 76.3456 -2.79225 0.750534 0.02512 0.000388879
64 131.434 -1.98315 0.979419 0.00948513 0.000759892
65 152.707 -9.84283 1.75615 -0.0243442 0.00130905
66 169.903 -14.7415 2.34016 -0.0496699 0.00167505
67 201.519 -21.3826 3.09882 -0.0923624 0.00253333
68 162.552 -12.2685 2.04147 -0.037 0.0015087
69 175.369 -19.9257 3.07088 -0.0935385 0.00252924
70 180.118 -14.662 2.41866 -0.0580478 0.00183571
71 164.783 -19.8488 2.99354 -0.0848021 0.00231741
72 130.971 -5.49303 1.2761 -0.0019557 0.000900056
73 162.301 -14.355 2.32277 -0.0531673 0.00171036
74 187.587 -20.5585 3.1332 -0.0960564 0.00257057
75 201.602 -16.477 2.43476 -0.0516178 0.00165001
76 153.377 -12.009 1.91777 -0.0251512 0.00114188
77 129.138 -8.54161 1.595 -0.0185277 0.00115802
78 162.552 -13.9744 2.2611 -0.0505753 0.0017729
79 165.456 -7.93006 1.55691 -0.0145657 0.00111831
80 168.009 -11.2453 2.01984 -0.044613 0.00169397
81 164.701 -16.3978 2.58136 -0.069634 0.00216893
82 154.021 -10.0379 1.66583 -0.0170478 0.00109102
83 171.927 -9.85567 1.82846 -0.0319953 0.00145945
84 98.384 10.1821 -0.816559 0.113457 -0.00131537
85 169.217 -12.9588 2.22463 -0.0462122 0.00160023
86 121.673 -5.21022 1.26357 -6.27135e-05 0.000891407
87 134.267 2.2263 0.225145 0.0559111 -0.000185098
88 164.227 -5.40833 1.34085 -0.00670997 0.00104574
89 150.82 -0.855558 0.643515 0.0331659 0.000242027
90 104.598 3.41596 0.195083 0.0486361 8.31435e-05
91 128.421 -2.48937 0.967372 0.0145019 0.000605265
92 150.055 -2.4946 0.972252 0.0110391 0.000597358
93 162.075 -6.91577 1.40613 -0.00728446 0.000936934
94 183.101 -19.131 2.97873 -0.0891658 0.00251454
