0 129.731 -9.3397 2.00908 -0.042568 0.00133165
1 117.281 -8.19056 1.8487 -0.0309019 0.00107485
2 148.62 -19.4773 3.40937 -0.120372 0.00283601
3 126.098 -9.12424 2.0553 -0.0481327 0.00150756
4 137.332 -6.99128 1.82914 -0.040093 0.00138944
5 149.706 -14.2022 2.58808 -0.0717259 0.00181861
6 107.485 -0.457748 0.717994 0.0283771 1.47618e-05
7 77.2092 6.86897 -0.166812 0.0756172 -0.000881328
8 137.907 -8.90364 1.96675 -0.0428622 0.00130157
9 59.4661 8.15825 -0.303064 0.0811058 -0.000915275
10 118.129 -3.94635 1.36896 -0.0205816 0.0010903
11 137.796 -3.11059 1.17129 -0.00331266 0.000677071
12 105.729 -8.0329 1.89603 -0.0517125 0.00166723
13 103.411 -3.18173 1.10128 0.00221314 0.000595425
14 127.494 -1.16199 1.14321 -0.0170473 0.00111003
15 128.45 -0.954251 0.74367 0.0259097 9.09554e-05
16 99.7707 4.0214 0.148771 0.0518586 -0.000366826
17 117.071 3.65327 0.400853 0.0267928 0.000244338
18 121.941 -3.31387 1.26972 -0.012957 0.00101255
19 150.89 -9.05304 2.12558 -0.0614557 0.00187973
20 80.1076 0.0651126 1.05286 -0.00986945 0.0010015
21 74.7311 9.41236 -0.190682 0.0555244 -0.00025103
22 67.0423 15.0475 -0.872106 0.0885568 -0.000758872
23 58.4948 14.6072 -0.718196 0.0740054 -0.000380515
24 13.4807 34.5822 -3.00279 0.188078 -0.00243056
25 -6.45502 34.8766 -3.19665 0.201063 -0.002639
26 0.38604 30.0166 -2.28188 0.144142 -0.00150382
27 51.5529 12.9233 -0.42078 0.0575694 -6.58481e-05
28 5.07815 24.5062 -1.59834 0.108095 -0.00085439
29 38.9475 21.7491 -1.27966 0.0933122 -0.000575232
30 -22.0086 31.2443 -2.45979 0.151516 -0.00162333
31 25.1041 19.0964 -0.61038 0.0382402 0.000813147
32 71.2469 -3.28242 1.64825 -0.0511668 0.00199105
33 77.0826 -5.14729 1.88195 -0.0551692 0.0017368
34 3.24383 22.5003 -1.73495 0.131855 -0.0015351
35 58.2842 11.7711 -0.402306 0.0663005 -0.000487078
36 68.6031 9.54819 0.0415435 0.0321508 0.000397675
37 79.5467 6.38194 0.478091 0.0099643 0.000806628
38 62.557 -3.99548 1.46836 -0.0247589 0.00102819
39 75.6529 1.75692 1.02406 -0.0163982 0.00124188
40 107.938 -5.81244 1.90409 -0.0593608 0.00192455
41 87.5087 -1.51432 1.11806 -0.00296872 0.000613382
42 76.6655 -2.17056 1.17106 -0.0143021 0.00105058
43 37.2865 15.1116 -1.15477 0.118558 -0.00158355
44 109.623 -5.21538 1.51495 -0.0310999 0.00127611
45 128.036 -1.80582 0.842685 0.0202033 0.000121737
46 65.0384 0.717611 0.588735 0.028303 -3.13735e-05
47 111.18 0.681564 0.552695 0.0325487 -9.12329e-05
48 96.832 3.06473 0.21282 0.0533468 -0.000538453
49 97.5473 3.99488 0.316723 0.0357673 -4.72234e-05
50 68.3556 2.59294 0.339897 0.0415861 -0.000195988
51 64.9054 4.97779 0.114087 0.0488848 -0.00029262
52 106.961 -0.654317 0.898369 0.00719221 0.000400389
53 89.8269 1.66566 0.613964 0.0177354 0.000346499
54 53.8904 16.7885 -1.49925 0.138719 -0.00197183
55 61.8429 8.15202 -0.218089 0.0633155 -0.000521954
56 97.5837 -1.46653 0.83932 0.0148057 0.000263593
57 112.775 1.80287 0.56699 0.0230293 0.000277807
58 38.3321 12.4931 -0.872736 0.097974 -0.00111927
59 82.0833 3.80959 0.430673 0.0259628 0.000220414
60 93.5074 -10.1487 2.28159 -0.0811939 0.00237422
61 86.9358 -2.66716 1.28974 -0.0254032 0.00135345
62 118.85 -4.83349 1.51626 -0.0321298 0.0013351
63 56.5556 8.58752 -0.198853 0.0552877 -0.000303353
64 99.2933 -6.85277 2.01897 -0.0675941 0.00212859
65 55.4465 9.41677 -0.4732 0.0877233 -0.0011596
66 140.181 -11.1742 2.18107 -0.0526043 0.00142111
67 128.307 -11.4624 2.20543 -0.0620621 0.0017039
68 83.5882 -5.79322 1.3523 -0.00536806 0.00057008
69 67.4515 -1.30774 0.968057 0.00517345 0.000460632
70 63.4528 0.510505 0.684341 0.022267 0.000129479
71 117.989 -8.35387 1.83579 -0.0408017 0.00130883
72 123.443 -7.22699 1.79374 -0.0439192 0.00143984
73 109.502 -11.4602 2.2767 -0.0646283 0.00175177
74 86.2943 -3.05609 1.35759 -0.0287383 0.00126074
75 115.859 -6.74924 1.52016 -0.0238224 0.00100439
76 87.3089 -4.67264 1.39266 -0.023576 0.00117638
77 89.582 -5.9043 1.48809 -0.0236644 0.000974794
78 84.7208 -2.05835 1.0274 -0.0110785 0.000972265
79 92.2453 2.03821 0.380828 0.0369867 -0.00012947
80 55.8812 0.951443 0.570171 0.0193457 0.000325914
81 69.5659 6.69643 -0.0883596 0.0531755 -0.000275901
82 61.5369 9.75833 -0.504567 0.0753939 -0.000661018
83 102.6 -0.346993 0.84104 -0.000161772 0.00080492
84 81.8355 6.0375 -0.0494487 0.0520277 -0.000227355
85 120.488 -11.3476 2.14632 -0.059552 0.00175393
86 140.138 -18.0293 3.21351 -0.128588 0.00324755
87 76.5287 0.706438 0.803891 0.00207809 0.000731595
88 91.4897 -7.21368 1.64046 -0.0347404 0.00128855
89 91.8633 -0.942656 0.811355 0.0102706 0.000387254
90 69.1321 6.60884 0.513728 -0.00786967 0.0013971
91 78.4787 4.6896 0.256227 0.0319429 0.000199165
92 98.6317 -12.8167 2.43279 -0.08061 0.00215112
93 36.4458 12.9805 -0.95423 0.101958 -0.00121574
94 86.6121 -3.90111 1.63879 -0.0547655 0.00193607
95 44.1821 24.683 -2.50774 0.192967 -0.00311059
