0 47.9727 -11.1732 2.16329 -0.0517602 0.00178
1 85.6976 -14.4086 2.55274 -0.0699108 0.00204202
2 39.0721 -6.87109 1.56261 -0.0183263 0.00106455
3 51.7084 -8.41268 1.81005 -0.034449 0.00141312
4 43.6007 -1.64066 0.768236 0.0253618 0.000227139
5 36.8168 -0.531844 0.736068 0.024118 0.000229044
6 39.995 1.10966 0.51918 0.0366515 1.87115e-05
7 13.3112 2.08469 0.580398 0.0222866 0.000474064
8 52.9427 -15.5622 2.45071 -0.0609612 0.00183788
9 105.303 -32.9112 4.34144 -0.144141 0.00310871
10 63.16 -13.9488 2.27678 -0.0518062 0.00163053
11 27.3013 7.0871 -0.167352 0.069716 -0.000485034
12 62.7662 -10.039 1.63484 -0.0130133 0.000837483
13 42.2929 -2.20021 1.01988 0.00198851 0.000828723
14 69.1916 -17.601 2.61017 -0.0677934 0.00185822
15 22.8081 2.34241 0.180321 0.0585641 -0.000426774
16 61.0169 -2.80506 0.923778 0.0133122 0.000480286
17 59.9022 -13.7831 1.65945 -0.00183653 0.000474235
18 17.6528 2.88658 0.156413 0.0538192 -0.00020649
19 27.3192 -4.66984 0.920365 0.0240534 0.00018563
20 40.594 -3.28773 0.873021 0.0185809 0.000328298
21 24.1174 4.02956 -0.0126234 0.0650171 -0.000459215
22 56.7818 -2.96943 0.901081 0.0188908 0.00033196
23 11.1324 7.77092 -0.400017 0.0815806 -0.000721921
24 22.7694 7.64181 -0.37644 0.075736 -0.000556372
25 81.549 -23.4161 3.04983 -0.0806114 0.00199733
26 16.8709 2.86806 0.208373 0.0480101 -8.39508e-05
27 16.2489 8.60601 -0.160294 0.0521748 6.14538e-05
28 29.6418 1.69671 0.305057 0.0465998 -9.19707e-05
29 25.4446 -1.13301 0.672165 0.0256468 0.000259195
30 -13.5296 14.5235 -1.40537 0.139315 -0.00190556
31 72.3818 -16.7764 2.40601 -0.0554865 0.00163795
32 56.7553 -14.2078 2.3821 -0.0597596 0.00187733
33 87.6908 -28.574 4.05051 -0.139478 0.00319351
34 118.302 -40.1537 5.48773 -0.216494 0.00461187
35 211.024 -69.4569 8.16257 -0.315821 0.00593483
36 88.9797 -26.0554 3.46353 -0.098982 0.00226034
37 62.2041 -16.9973 2.69232 -0.071582 0.00199427
38 95.5898 -31.2232 4.27578 -0.148023 0.00326163
39 61.3199 -14.9781 2.45089 -0.0635741 0.00191569
40 22.6241 5.11273 -0.207592 0.0765333 -0.00068067
41 50.3406 -8.14995 1.53352 -0.014197 0.000927332
42 40.7834 -4.06534 1.13914 0.00104261 0.000763144
43 105.838 -31.5425 3.64662 -0.0932937 0.00199687
44 59.7278 -7.1233 1.25835 0.0041811 0.000561192
45 41.4888 -7.04296 1.23945 0.0064995 0.000495848
46 125.958 -39.3029 4.72727 -0.155166 0.00318669
47 40.8382 0.832411 0.368504 0.0454178 -0.000111977
48 90.3538 -27.9605 3.77565 -0.125056 0.00291677
49 69.1938 -18.7167 2.33503 -0.0355195 0.00112757
50 191.353 -60.2594 6.85499 -0.24842 0.00469007
51 41.7563 -4.11257 0.833248 0.0270999 0.000149541
52 47.1061 -8.88262 1.45912 -0.0100204 0.000857142
53 56.1104 -13.8041 1.91646 -0.0305765 0.00121853
54 56.5863 -14.3449 1.89496 -0.0226965 0.000939694
55 22.8999 1.96228 0.113855 0.0616948 -0.000443826
56 11.9079 8.23969 -0.734299 0.104579 -0.00118061
57 25.6592 0.640276 0.130659 0.0636263 -0.000517148
58 53.2088 -2.43348 0.48872 0.0450968 -0.00019111
59 41.5913 -7.2708 1.05412 0.0176 0.000278189
60 46.8348 -9.75784 1.28656 0.0109437 0.000336039
61 43.27 -8.54718 1.33071 0.00262391 0.000615591
62 40.7492 -7.0643 1.1331 0.0126358 0.000398686
63 191.961 -59.149 6.57489 -0.23365 0.0043408
64 53.4917 -1.95077 0.791131 0.026636 0.000265925
65 71.8126 -10.3066 1.71805 -0.019677 0.00104385
66 75.8852 -9.54993 1.79885 -0.0261669 0.00117841
67 74.6383 -20.1109 2.69339 -0.0589071 0.00154694
68 41.827 2.1241 0.175705 0.0631887 -0.00057724
69 66.4918 -14.8764 2.33119 -0.0516781 0.00155717
70 72.3289 -10.2028 1.79211 -0.0263404 0.00117265
71 40.0976 3.11719 0.309166 0.0466134 -0.000143035
72 66.8295 -7.70036 1.45889 -0.00886656 0.00086481
73 67.6817 -14.0411 2.05644 -0.0282282 0.00101787
74 89.8822 -16.5287 2.48926 -0.0578711 0.00168074
75 42.4629 -5.03826 1.03681 0.0165458 0.000331891
76 80.2175 -14.2992 2.17743 -0.0365465 0.00125492
77 77.8911 -11.8452 1.86633 -0.0232958 0.000991512
78 69.2961 -3.92401 0.886934 0.0256167 0.000160778
79 20.0459 5.82182 -0.244385 0.0827732 -0.000827677
80 29.7351 3.56457 -0.164454 0.0826053 -0.000892232
81 8.07767 11.5635 -0.786421 0.100619 -0.00101749
82 41.0045 11.1314 -0.596425 0.0866358 -0.000696305
83 61.1195 -4.06294 0.982974 0.0159809 0.000422333
84 36.6003 2.96679 0.0922046 0.0639081 -0.000518279
85 43.8039 0.415342 0.360601 0.0515601 -0.000280077
86 31.9701 7.15282 -0.598211 0.107902 -0.00145287
87 52.5252 -1.5876 0.797981 0.0224215 0.00036075
88 60.4633 -7.96433 1.37058 -0.00292641 0.00073683
89 74.3294 -21.04 2.97386 -0.0826681 0.00210151
90 26.5912 1.70062 0.218942 0.0564099 -0.000301983
91 7.25805 4.11308 0.0814816 0.0584189 -0.0003174
92 56.7857 -6.0903 1.32663 -0.00494915 0.000796123
93 52.4795 -6.28642 1.36728 -0.00471761 0.000758429
94 73.7296 -13.3657 2.2188 -0.0488944 0.00160812
