0 32.7794 -1.89676 1.23616 -0.0121674 0.00110686
1 19.8958 1.54928 0.580495 0.0285407 0.000305782
2 64.4498 0.068907 0.835438 0.0144654 0.000434768
3 55.8638 -4.3599 1.71733 -0.0445861 0.0017842
4 4.48344 4.11445 0.557283 0.0206849 0.000443329
5 76.1015 0.563369 0.796968 0.01282 0.000558542
6 67.726 -11.0407 2.24325 -0.0612956 0.00191002
7 88.9703 0.289954 0.443758 0.0470137 -0.000345864
8 62.0086 -7.65908 1.59425 -0.0204882 0.00110091
9 29.9533 -2.20655 1.19739 -0.0122452 0.0011175
10 99.5391 -3.90344 1.17112 0.000955632 0.000670548
11 57.3053 5.36497 0.214957 0.0426776 5.07333e-05
12 62.7726 -7.8497 1.874 -0.044597 0.00158818
13 121.448 -21.289 3.22461 -0.101549 0.00244056
14 8.22185 9.14095 -0.0705816 0.0476057 1.65724e-05
15 -5.12759 13.278 -0.667087 0.0781193 -0.000456708
16 43.3654 7.68794 -0.581122 0.0983109 -0.00113869
17 26.1506 10.9724 -0.470761 0.0696507 -0.000307282
18 24.7897 8.67746 -0.290129 0.0667853 -0.000420767
19 33.7565 -1.25344 1.24037 -0.021807 0.0014288
20 56.551 9.30499 -0.474166 0.0774183 -0.000558956
21 6.25614 16.8492 -1.45216 0.134131 -0.00165246
22 91.7975 -2.50331 0.982605 0.00689289 0.000687071
23 16.0972 11.8388 -0.825631 0.0963849 -0.000936631
24 91.989 -11.1971 1.98853 -0.0445367 0.00157835
25 19.9394 16.0424 -1.45655 0.135489 -0.00170334
26 19.587 17.4335 -1.18451 0.103779 -0.000902927
27 71.7977 -6.75933 1.59099 -0.0258417 0.00123806
28 40.5163 1.36516 0.542789 0.0222151 0.000462325
29 43.9901 1.12579 0.704943 0.0089186 0.000820914
30 81.3042 -9.66455 1.73669 -0.0262426 0.00112821
31 73.292 -6.05423 1.4194 -0.0199153 0.00111925
32 41.4759 6.88654 0.413425 0.018072 0.000784226
33 53.222 0.336077 1.02254 -0.00958289 0.0011847
34 119.049 -10.1276 2.10169 -0.0547962 0.00186249
35 43.2288 2.8249 0.658124 0.0134123 0.000661971
36 50.4493 6.47296 0.281858 0.0325908 0.000341134
37 62.4982 -1.4267 1.00422 0.00174766 0.000815177
38 81.2412 -0.641766 1.13036 -0.0116197 0.00112369
39 78.4284 0.261846 0.95011 -0.000812876 0.000959573
40 108.943 -7.99883 1.7188 -0.0310901 0.00134698
41 111.233 -5.69279 1.3759 -0.0141983 0.00108686
42 20.15 12.6349 -0.561647 0.0716718 -0.000276447
43 69.1818 0.994209 0.621693 0.0231034 0.000397827
44 57.4905 4.50667 -0.102919 0.0698152 -0.000550242
45 77.3739 12.0027 -0.848346 0.10114 -0.00102553
46 33.8218 11.1975 -0.325096 0.0577628 -4.71196e-05
47 142.875 -9.98325 1.7247 -0.0283345 0.00126766
48 61.7857 11.5639 -1.07144 0.121356 -0.00150209
49 104.828 -2.74021 0.946014 0.0109698 0.000551012
50 84.6843 6.08122 -0.221725 0.0710877 -0.000522979
51 57.8886 14.1916 -0.956588 0.0981535 -0.000860721
52 88.0468 1.26918 0.190064 0.0538149 -0.000269448
53 72.7928 2.87322 0.0291118 0.0641801 -0.000447956
54 124.012 -11.7277 1.62477 -0.0123922 0.000811947
55 118.546 5.45151 -0.250665 0.0743662 -0.000575317
56 81.0693 9.04913 -0.667067 0.091321 -0.000861048
57 118.883 2.6134 -0.00985631 0.0639331 -0.000445364
58 68.3395 13.3132 -1.15388 0.11057 -0.00111709
59 70.9502 5.21052 -0.104416 0.0617698 -0.000277857
60 109.64 4.47638 -0.0658969 0.0623048 -0.000383233
61 58.1691 12.4519 -1.08954 0.118154 -0.00138305
62 71.5711 8.99298 -0.551509 0.0855103 -0.000750274
63 47.7888 12.7686 -1.10051 0.112159 -0.00122511
64 135.887 -6.59405 1.43292 -0.0162191 0.00104937
65 155.577 -15.3985 2.42601 -0.063153 0.00182212
66 148.36 -6.39379 1.45725 -0.0160818 0.00111019
67 170.85 -8.64572 1.58421 -0.0196772 0.00104142
68 144.654 -2.53602 0.898287 0.0139281 0.000486362
69 164.186 -12.8801 2.06349 -0.0454257 0.00150811
70 167.482 -14.4999 2.28089 -0.0551422 0.00169461
71 149.006 -2.20263 0.742041 0.0256918 0.000191989
72 195.821 -16.1434 2.50765 -0.0679535 0.00191634
73 178.673 -13.4372 2.18889 -0.050864 0.00156184
74 156.098 -9.09113 1.63152 -0.0222082 0.0010444
75 149.762 -10.0257 1.5696 -0.0139989 0.000918269
76 167.693 -9.02048 1.70746 -0.030337 0.00132174
77 119.704 4.41221 0.342101 0.0261901 0.000447023
78 153.626 -5.56998 1.20826 -0.00484285 0.000812486
79 137.454 -3.27897 0.820344 0.0222518 0.00029854
80 174.436 -6.12168 1.25936 -0.00787716 0.000842758
81 170.481 -8.9212 1.65289 -0.0277126 0.00123275
82 125.612 7.27937 -0.424367 0.0811445 -0.000755994
83 133.684 9.06236 -0.603004 0.0860372 -0.000767322
84 168.619 -4.96432 0.984323 0.0134373 0.000395082
85 141.078 -6.12617 1.22705 -0.00233206 0.000747133
86 170.167 -5.43083 1.27634 -0.0107855 0.0010163
87 142.028 1.84632 0.180778 0.0539674 -0.000309059
88 128.781 4.31245 -0.0175547 0.0585766 -0.000277541
89 147.353 4.06399 -0.0338852 0.0609739 -0.00038562
90 121.86 5.66762 -0.332307 0.0814871 -0.000764505
91 172.038 -6.57895 1.55641 -0.027624 0.00131087
92 139.029 6.12999 -0.0864883 0.0575006 -8.34038e-05
93 121.431 2.47944 0.422428 0.030675 0.000231573
94 83.4307 17.1657 -1.47261 0.127824 -0.00141689
