0 2 -1420.5 -1209.9 -1315.2
1 2 -1420.5 -1209.9 -1315.2
2 1 -1245 -1034.4 -1139.7
3 1 -1245 -1034.4 -1139.7
4 2 -1069.8 -859.2 -964.5
5 2 -1069.8 -859.2 -964.5
6 1 -894.3 -683.7 -789
7 1 -894.3 -683.7 -789
8 2 -719.1 -508.5 -613.8
9 2 -719.1 -508.5 -613.8
10 1 -543.6 -333 -438.3
11 1 -543.6 -333 -438.3
12 2 -368.4 -157.8 -263.1
13 2 -368.4 -157.8 -263.1
14 1 -192.9 17.7 -87.6
15 1 -192.9 17.7 -87.6
16 2 -17.7 192.9 87.6
17 2 -17.7 192.9 87.6
18 1 157.8 368.4 263.1
19 1 157.8 368.4 263.1
20 2 333 543.6 438.3
21 2 333 543.6 438.3
22 1 508.5 719.1 613.8
23 1 508.5 719.1 613.8
24 2 683.7 894.3 789
25 2 683.7 894.3 789
26 1 859.2 1069.8 964.5
27 1 859.2 1069.8 964.5
28 2 1034.4 1245 1139.7
29 2 1034.4 1245 1139.7
30 1 1209.9 1420.5 1315.2
31 1 1209.9 1420.5 1315.2
