0 50.2935 3.13126 0.924783 -0.00115436 0.00112971
1 43.0605 1.75526 1.31376 -0.0306813 0.00168549
2 22.6101 21.2398 -1.38954 0.119786 -0.00120859
3 74.8037 4.97121 0.701553 0.00850093 0.000887363
4 83.1586 2.1487 1.07921 -0.0126428 0.00138584
5 78.6125 1.04736 1.14487 -0.0145352 0.00125462
6 84.4976 -7.47869 1.74769 -0.0285982 0.00137806
7 100.453 4.96614 0.462559 0.0277412 0.000371257
8 54.5592 18.6087 -1.1911 0.11234 -0.00110097
9 26.3068 15.8607 -0.573353 0.072927 -0.000346444
10 62.9304 14.4731 -0.692147 0.087355 -0.00065627
11 39.351 10.7239 -0.0757118 0.0512173 6.78534e-05
12 103.397 -6.06847 1.34335 -0.00347486 0.000839282
13 96.8763 -3.81201 1.38215 -0.0119467 0.0011202
14 51.4221 7.00431 0.145834 0.0409762 0.000241045
15 71.6259 4.03491 0.188223 0.048131 -2.49623e-05
16 45.2991 8.95532 -0.124136 0.0553294 -2.83193e-05
17 63.7237 14.9276 -0.879661 0.0957833 -0.000820983
18 99.31 2.61051 0.740191 0.0103294 0.000790725
19 61.3125 16.0991 -0.656659 0.0730664 -0.000218794
20 54.967 22.2956 -1.68249 0.131672 -0.00131241
21 100.239 -1.74568 0.922953 0.0139349 0.000568107
22 24.5394 16.5118 -0.965524 0.0950926 -0.000690545
23 31.043 22.0906 -2.06421 0.16948 -0.00233977
24 41.0193 14.4045 -0.745215 0.0850665 -0.000570459
25 92.4752 3.00722 0.448219 0.0328309 0.000266344
26 3.90771 27.2442 -2.32991 0.16744 -0.0020305
27 73.6104 6.72447 -0.0201481 0.056453 -9.94542e-05
28 31.571 17.0045 -1.3982 0.126008 -0.00136614
29 123.867 -9.25251 2.05338 -0.0550961 0.00197892
30 42.6832 14.0429 -0.719845 0.0879208 -0.00061616
31 140.226 -13.5386 2.33296 -0.0569114 0.00180985
32 88.6661 5.45272 0.204537 0.0458811 -2.59064e-05
33 97.6916 -4.96971 1.37521 -0.00985653 0.000898327
34 73.3017 0.823612 0.973732 -0.00303821 0.00100897
35 121.583 -10.2345 2.07653 -0.0472364 0.00159183
36 144.211 -16.3476 2.96675 -0.0995608 0.00272834
37 77.3573 -1.30524 1.00001 0.00498358 0.000692666
38 79.1339 -0.304108 0.85599 0.0142586 0.000513939
39 123.472 -13.6558 2.76256 -0.0917879 0.00251061
40 81.658 3.93247 0.514358 0.0213716 0.000518315
41 111.14 -5.21426 1.33886 -0.0105399 0.000941885
42 124.449 -9.79399 1.81558 -0.0287257 0.00121946
43 72.497 6.79838 0.0576921 0.0491776 -8.0996e-05
44 63.2237 9.11467 -0.456634 0.0815213 -0.000763454
45 98.693 -8.53342 1.6832 -0.0257515 0.00116856
46 98.2332 -8.31767 1.60587 -0.0196919 0.00105312
47 129.092 -5.3201 1.13428 0.00772161 0.000543659
48 98.3151 0.46759 0.498413 0.0363141 4.80963e-05
49 85.4111 -9.06198 1.72162 -0.0258916 0.00116863
50 135.858 -7.32973 1.44461 -0.0132538 0.000949656
51 91.0121 0.118079 0.807312 0.0113134 0.000598521
52 87.4367 -2.46283 0.854147 0.0152037 0.000482012
53 117.611 -0.558378 0.569208 0.0333337 7.58513e-05
54 56.8427 14.2658 -1.01497 0.104532 -0.00102678
55 113.831 -1.94339 0.624717 0.0321658 0.000102904
56 101.099 -4.12404 0.895176 0.0177452 0.000397214
57 83.3996 2.81728 0.147234 0.0523675 -0.000192175
58 120.289 -3.92547 0.752102 0.0285146 0.000126609
59 117.771 -0.257565 0.530328 0.033897 0.000161265
60 89.016 -1.26646 0.673416 0.0230136 0.000351004
61 73.7527 14.9173 -1.39117 0.134209 -0.0017182
62 101.201 0.346498 0.501692 0.0370412 2.32296e-05
63 58.647 9.93573 -0.634227 0.0892034 -0.000876647
64 175.237 -16.9666 2.82213 -0.0845781 0.00229439
65 159.756 -13.9865 2.39822 -0.0642195 0.00194768
66 115.772 1.80882 0.881677 0.00090559 0.000973966
67 177.034 -22.1481 3.44925 -0.120014 0.00298223
68 137.197 -3.75504 1.28854 -0.0102288 0.00103667
69 84.32 6.43785 0.124785 0.0428552 0.000151316
70 115.235 5.35957 0.265138 0.0360216 0.000239761
71 124.783 1.29421 0.582555 0.0285238 0.000263774
72 125.594 0.560195 0.543816 0.0334862 7.32254e-05
73 169.902 -14.4313 2.2179 -0.0450879 0.00147119
74 108.206 0.6198 0.530589 0.0358708 9.98804e-05
75 145.619 -8.35506 1.73709 -0.0308196 0.00134719
76 115.452 1.21892 0.674961 0.0179759 0.000529987
77 127.1 5.17109 0.0298643 0.0566305 -0.000226601
78 106.334 4.26231 0.106557 0.050111 -5.55423e-05
79 75.8568 9.49465 -0.282274 0.0641875 -0.000223018
80 66.2408 20.7724 -2.0514 0.168804 -0.00232912
81 76.6983 7.85541 0.0597986 0.0397294 0.000273436
82 58.5444 24.0888 -2.16718 0.16258 -0.00204168
83 82.2145 6.60448 0.017862 0.0473665 9.06343e-05
84 124.929 5.26168 0.212227 0.0386069 0.000246072
85 122.307 9.67089 -0.541531 0.0878338 -0.000823084
86 115.74 -0.200135 0.753431 0.0148091 0.000574813
87 110.503 15.7127 -1.22492 0.11986 -0.00134555
88 95.3054 16.8158 -1.36951 0.124769 -0.00139443
89 174.371 -15.2541 2.28919 -0.0507435 0.0016046
90 58.1279 20.7473 -1.66477 0.131754 -0.00141252
91 64.5748 13.9028 -0.49648 0.0598134 0.000144529
92 99.9485 7.16266 0.0959667 0.0424029 0.000185886
93 106.09 3.29127 0.341685 0.034789 0.000275194
94 132.588 -3.14673 1.17983 -0.00735037 0.00107996
