0 91.9382 -2.04623 1.19196 -0.0116452 0.00111394
1 73.8907 6.26678 0.313133 0.0281229 0.000429399
2 76.7676 3.71863 0.545123 0.0170808 0.000518341
3 77.7849 6.50242 0.323462 0.0217698 0.000585364
4 101.226 2.36976 0.720287 0.00917038 0.000739583
5 146.819 -5.94536 1.55764 -0.0302442 0.00137314
6 68.4144 8.4448 -0.138999 0.0535844 -0.000136527
7 86.7347 4.98152 0.26828 0.0322031 0.000260235
8 108.584 -1.02697 0.836587 0.0101887 0.000586659
9 69.8033 10.0585 -0.321929 0.0655941 -0.000357282
10 80.5123 12.5951 -0.663018 0.0824076 -0.000669847
11 78.3963 7.41885 0.16998 0.0318622 0.000342889
12 120.06 -10.1754 1.90587 -0.0461186 0.00158593
13 45.805 7.45462 -0.140191 0.0559389 -0.000237244
14 72.9993 13.2603 -1.03136 0.109015 -0.00126263
15 94.0991 10.441 -0.484149 0.0723196 -0.000518239
16 95.711 8.74558 -0.442241 0.077075 -0.000662704
17 65.5877 16.6717 -1.27768 0.113702 -0.00126706
18 81.9765 3.59721 0.287153 0.0377534 6.11642e-05
19 88.2565 8.92727 -0.367203 0.071329 -0.000490177
20 61.2419 11.4127 -0.658852 0.080131 -0.000616019
21 88.8029 10.7538 -0.683315 0.0864709 -0.000781724
22 91.5016 1.51083 0.441128 0.0295216 0.000237232
23 73.9904 16.8734 -1.43345 0.127137 -0.00153781
24 110.565 1.38228 0.495265 0.0253561 0.000303632
25 63.1277 19.7369 -1.65066 0.129871 -0.00149596
26 103.157 6.44057 -0.225254 0.0666783 -0.000467384
27 54.7065 17.7568 -1.38645 0.115578 -0.00120338
28 118.645 -4.84287 1.25006 -0.0135022 0.00108012
29 73.8405 22.0168 -2.02961 0.15328 -0.00193192
30 108.917 -0.430301 0.670479 0.0183192 0.000435196
31 16.0616 23.0788 -2.23323 0.164395 -0.00218508
32 117.772 3.21139 0.267534 0.0479033 -0.000168909
33 141.714 -1.57115 0.799215 0.0232804 0.00023661
34 111.013 6.12789 -0.0801481 0.0645916 -0.000424932
35 118.206 1.91111 0.440486 0.0353357 9.01201e-05
36 137.23 1.81255 0.592737 0.0239058 0.000348367
37 134.098 -1.09538 0.821525 0.0173142 0.000376453
38 146.301 -2.99692 1.04992 0.00329557 0.000661777
39 124.114 -0.730602 0.646596 0.0309182 6.28696e-05
40 174.408 -14.2414 2.31583 -0.0594983 0.00175538
41 85.7502 9.55234 -0.32141 0.0672325 -0.000454642
42 80.5049 14.2515 -1.08891 0.109495 -0.00122361
43 181.916 -7.05611 1.29291 0.00204555 0.00050922
44 165.658 0.469167 0.433887 0.040095 -6.33158e-05
45 154.877 2.55819 0.215194 0.0483779 -0.000208481
46 129.348 0.548196 0.431289 0.0376566 -4.04907e-05
47 86.0935 13.3843 -0.944475 0.0983659 -0.000944047
48 139.396 1.17398 0.293692 0.046938 -0.00016492
49 141.184 0.792769 0.270517 0.050698 -0.000253887
50 107.529 9.9529 -0.57327 0.0819213 -0.000687612
51 137.65 0.495665 0.487372 0.0309574 0.000146999
52 130.535 1.8719 0.210276 0.0499428 -0.000206438
53 153.195 2.54515 0.145501 0.0512384 -0.000233819
54 143.969 2.54797 0.0126565 0.0606866 -0.000399946
55 124.442 7.88661 -0.48512 0.0758859 -0.000559048
56 122.136 13.8957 -1.43475 0.134736 -0.00170958
57 119.137 3.82449 -0.216687 0.0763578 -0.000780609
58 146.699 -0.00631894 0.270162 0.0459692 -0.000188878
59 104.235 13.1577 -1.2402 0.124615 -0.00153485
60 171.57 -3.34069 0.635149 0.0364632 -0.000103396
61 91.8796 7.94739 -0.423237 0.0793234 -0.000690089
62 117.22 -2.88193 0.825801 0.0178162 0.000342979
63 105.612 7.50623 -0.454213 0.0778184 -0.000694985
64 104.699 -7.32759 1.56532 -0.0234642 0.00124955
65 96.2973 -5.48616 1.34082 -0.0107517 0.00100786
66 107.073 -6.3855 1.70955 -0.0410994 0.00165224
67 62.3529 0.248572 0.660698 0.0201181 0.000501603
68 115.146 -7.77716 1.74846 -0.0359254 0.00147316
69 64.0846 0.417714 0.884068 0.00139642 0.00088131
70 75.2532 -3.69856 1.05595 0.00655189 0.000574384
71 119.375 -9.76467 1.86311 -0.0368246 0.00150338
72 106.706 -5.55525 1.21972 -0.00171597 0.000739085
73 82.4822 0.0939463 0.735312 0.0163167 0.000467461
74 159.562 -16.9575 2.66541 -0.0763799 0.00204891
75 88.3509 -6.98327 1.51105 -0.0253527 0.00130185
76 109.673 -9.78123 1.63985 -0.0173135 0.000897999
77 79.7644 1.94792 0.404472 0.0379903 -3.84438e-05
78 104.489 -5.92985 1.21035 -0.00190329 0.000762925
79 64.8989 6.42144 -0.0563508 0.0548676 -0.000182589
80 106.423 10.9776 -0.709631 0.0916423 -0.000927344
81 77.5853 -1.51562 0.82157 0.0108723 0.000585362
82 46.0519 5.06536 -0.0294712 0.0570406 -0.000269686
83 104.18 6.06339 -0.330959 0.0789525 -0.000759511
84 80.8819 4.09069 -0.0624658 0.0642327 -0.000447881
85 120.366 -5.11125 1.11435 0.00643204 0.00059826
86 97.0478 -1.47294 0.746488 0.018668 0.00041006
87 61.0816 13.3253 -0.964192 0.102545 -0.00102034
88 116.613 -2.49613 0.721957 0.0268472 0.000187876
89 92.5503 3.65239 -0.0761725 0.0690246 -0.000553121
90 125.851 3.9297 -0.116946 0.0699637 -0.00059229
91 97.5479 -3.20271 0.955057 0.0103949 0.000561559
92 29.5797 16.6548 -1.48787 0.133306 -0.0015711
93 83.6418 1.20556 0.467901 0.0315568 0.000212263
94 67.1191 7.19165 -0.46991 0.0915342 -0.00104863
