0 33.2513 -9.60366 1.87318 -0.0313878 0.0012045
1 6.83991 4.70795 0.56017 0.0172927 0.000584331
2 32.4278 -10.8091 2.15168 -0.053673 0.0017368
3 1.92515 3.54348 0.566069 0.0182373 0.000570427
4 14.7365 -3.95111 1.48019 -0.0245103 0.00125156
5 -19.3566 15.6965 -0.622548 0.0673237 -0.000292707
6 18.1122 -4.81379 1.4415 -0.0199246 0.0011345
7 -27.6707 11.5447 -0.013475 0.0313622 0.000482845
8 -7.76423 8.09239 0.0513364 0.0436356 2.28563e-06
9 141.218 -46.3622 5.79123 -0.215851 0.00434817
10 145.034 -48.471 6.08583 -0.230882 0.00453399
11 110.892 -35.8959 4.56751 -0.157718 0.00332407
12 226.212 -71.6102 8.01781 -0.300523 0.00541461
13 -14.2718 10.5986 -0.0204376 0.0378091 0.000237754
14 84.8561 -25.8621 3.60877 -0.119728 0.00281
15 159.055 -49.2182 5.61874 -0.190926 0.00360837
16 98.377 -30.7448 3.8633 -0.120143 0.00259536
17 24.5423 4.97094 0.205425 0.0389713 0.000128008
18 -21.6476 13.5205 -0.864843 0.0923451 -0.000820935
19 164.43 -51.1308 5.96484 -0.213398 0.00415237
20 31.0983 -3.78466 1.42022 -0.027885 0.00130719
21 9.50591 6.86121 0.00636187 0.0501757 -0.000116831
22 15.1722 0.234985 0.43457 0.0410572 -9.07102e-05
23 -10.6484 17.1774 -1.12755 0.101889 -0.000920543
24 -13.964 15.0098 -0.965944 0.0955922 -0.000861959
25 -2.05149 8.84065 -0.480956 0.0795463 -0.000677152
26 120.737 -35.6985 4.37145 -0.143546 0.00296405
27 75.8824 -21.1612 3.05053 -0.091977 0.00228159
28 17.0155 1.67851 0.252452 0.0478257 -0.000182728
29 -22.1683 14.69 -1.11705 0.108105 -0.00110983
30 -20.4509 15.9817 -1.01985 0.0967776 -0.000882259
31 -11.9235 13.2587 -0.601369 0.0719706 -0.000384195
32 74.7857 3.66557 0.526861 0.0218513 0.000545946
33 94.4713 -2.03431 1.38421 -0.0256319 0.00147392
34 44.5348 2.89289 0.854467 -0.000887815 0.00100679
35 93.3673 2.14107 0.814666 0.00501463 0.000858981
36 80.9107 3.75822 0.794624 6.97647e-05 0.00101717
37 9.83527 18.1367 -1.06941 0.100474 -0.000872535
38 61.5238 9.19827 -0.449535 0.0843683 -0.000810918
39 74.8903 8.08422 -0.10585 0.0600073 -0.000206907
40 101.794 3.59592 0.360738 0.0357378 0.000198485
41 108.33 2.0901 0.669025 0.0172683 0.000561129
42 38.6581 9.25204 -0.0005066 0.0454457 0.000110316
43 64.3207 10.6629 -0.2305 0.0560544 1.32493e-05
44 116.547 -2.26515 0.992928 0.00530435 0.00065829
45 94.9387 2.09118 0.49175 0.0305922 0.000291221
46 20.4227 16.2079 -1.06366 0.0980572 -0.000829384
47 66.5057 9.18543 -0.428718 0.0789815 -0.000679522
48 75.3977 8.85722 -0.498861 0.0838264 -0.000734949
49 88.9824 6.61722 -0.0769478 0.0556211 -0.000127233
50 87.2949 4.99255 -0.0113389 0.0594188 -0.000259082
51 92.3356 11.2052 -0.531471 0.0780157 -0.000545322
52 51.6644 16.8274 -1.41589 0.124263 -0.00139461
53 99.0374 1.69146 0.562366 0.0241154 0.000417112
54 80.1135 11.556 -0.686023 0.0867049 -0.00066746
55 106.005 7.38565 -0.290686 0.0703182 -0.000430559
56 127.218 -0.713767 0.423854 0.0419501 -3.14879e-05
57 91.8067 11.3005 -0.78803 0.0965755 -0.000881918
58 94.7761 10.7641 -0.76859 0.0955566 -0.000915053
59 78.6854 11.2493 -0.903345 0.105922 -0.00116784
60 71.5395 10.3135 -0.564104 0.0814294 -0.000633248
61 103.454 3.22364 0.192997 0.0487802 -0.000103866
62 45.92 20.0504 -1.64436 0.134247 -0.00153072
63 77.3845 14.1335 -1.05712 0.108374 -0.00118304
64 116.866 -2.6358 1.26626 -0.0135614 0.00119503
65 60.6577 11.6518 -0.249673 0.057615 3.56208e-06
66 53.9195 2.79349 0.85119 0.00237991 0.00100287
67 93.767 -4.64714 1.28009 -0.00675183 0.00094091
68 85.7094 2.54621 0.723751 0.0130174 0.00075627
69 153.741 -14.2599 2.68634 -0.083847 0.00234839
70 109.728 -4.18472 1.2701 -0.00762449 0.000961677
71 76.8737 0.855428 0.856721 0.00738487 0.000786743
72 133.11 -8.47609 1.79123 -0.0302065 0.00132333
73 106.765 -3.5462 1.18615 -0.000850127 0.000833778
74 89.6015 1.87227 0.656505 0.019001 0.00058493
75 110.929 2.44807 0.669931 0.0146408 0.000668225
76 125.482 -5.81107 1.33226 -0.00339432 0.000836817
77 113.502 -5.93132 1.2139 0.00483081 0.00059398
78 72.021 10.3699 -0.546738 0.0869007 -0.000820525
79 77.9758 2.30664 0.841218 0.00089548 0.00102656
80 104.756 3.29489 0.172952 0.0537476 -0.00020202
81 31.9268 21.8177 -1.6096 0.122895 -0.00117385
82 78.9685 7.64279 0.0195737 0.048628 5.82824e-05
83 90.8278 5.96213 0.278602 0.0321238 0.000418077
84 78.8046 7.32004 -0.152135 0.0642053 -0.000257372
85 99.0924 4.07047 0.394357 0.0309415 0.00029368
86 96.6806 7.94352 -0.167825 0.065952 -0.000312293
87 98.0697 3.58325 0.453025 0.0289571 0.000384114
88 131.725 3.86292 0.111302 0.0603673 -0.000363778
89 66.0183 13.5788 -0.768683 0.0852406 -0.000482013
90 119.413 8.79875 -0.275671 0.0684839 -0.00019176
91 94.5878 8.61441 -0.255072 0.0677049 -0.00034311
92 49.2902 14.0016 -0.872283 0.096179 -0.000855869
93 106.262 2.69939 0.374284 0.0416213 4.98703e-05
94 105.252 1.29375 0.578906 0.0268563 0.000398079
