0 35.0373 24.7416 -2.01438 0.160477 -0.00198688
1 39.6216 13.9624 -0.262522 0.0482157 0.000351505
2 44.341 7.9275 0.327263 0.0289676 0.00050021
3 25.2316 23.8695 -2.16775 0.176342 -0.00245568
4 75.4599 10.0921 0.192813 0.0242295 0.000861108
5 54.6337 13.8282 -0.426479 0.0640163 -2.44117e-05
6 9.42497 23.1148 -1.43378 0.112362 -0.000918734
7 57.3454 10.5367 0.287752 0.0173335 0.000881324
8 -6.69649 33.2611 -2.70478 0.173696 -0.00197672
9 -9.67478 31.0882 -2.56066 0.176859 -0.00216786
10 -1.47842 25.3818 -1.80898 0.131258 -0.00118259
11 27.2348 18.8923 -1.11297 0.100629 -0.000726263
12 36.0934 21.3631 -1.3977 0.111254 -0.000835184
13 -0.426218 23.9532 -1.49015 0.107602 -0.000695584
14 7.61044 19.6827 -1.01104 0.087016 -0.000386454
15 24.7477 23.5665 -1.64186 0.120447 -0.000967534
16 77.9607 7.03246 0.0154775 0.0536081 1.40679e-05
17 32.2742 19.9121 -1.14044 0.0948986 -0.000489828
18 70.32 10.5915 -0.307154 0.0651201 -0.000151384
19 10.9315 31.8951 -2.62239 0.169879 -0.00182207
20 27.3036 23.8238 -1.84876 0.137379 -0.00120658
21 -25.4107 31.4641 -2.47666 0.157764 -0.0015508
22 32.9833 21.4813 -1.6331 0.125624 -0.00112895
23 42.3023 18.5306 -1.28737 0.111458 -0.000982398
24 33.4817 20.8113 -1.50183 0.120929 -0.00105683
25 29.0329 27.0526 -1.98862 0.131877 -0.00106026
26 68.399 7.97428 0.214305 0.0260906 0.000742723
27 3.37383 37.4563 -3.32854 0.206009 -0.00250206
28 -1.96211 25.9273 -1.5927 0.102982 -0.00049084
29 -22.2027 30.8227 -2.20864 0.129262 -0.00104405
30 31.0018 14.2182 -0.442603 0.055361 0.000218292
31 38.0296 22.0149 -1.30806 0.093336 -0.000368138
32 4.79145 4.21826 0.948103 -0.0137527 0.00152258
33 0.788918 8.33926 0.241119 0.027547 0.000637373
34 -22.0415 9.31607 0.11302 0.0339863 0.000537366
35 -11.1546 18.2651 -1.07934 0.101831 -0.000770491
36 11.6356 9.5495 0.11113 0.0350696 0.000457414
37 -35.3433 22.5838 -1.62556 0.123535 -0.0010289
38 9.36264 -3.99363 1.70465 -0.0445508 0.00193519
39 -3.95944 3.95922 0.620177 0.0189494 0.000588211
40 19.8223 8.16286 0.19398 0.0334453 0.000532522
41 11.8167 -6.30267 2.09183 -0.0682923 0.00229683
42 -13.4349 8.99301 -0.105333 0.0561533 -5.57145e-05
43 -47.3701 30.6077 -2.34571 0.153327 -0.00151839
44 -46.3032 20.1849 -1.29868 0.105545 -0.000734752
45 -66.9313 34.7553 -3.41468 0.228334 -0.00319868
46 -20.5878 21.8893 -1.7462 0.133592 -0.00129138
47 -58.3605 26.1682 -1.74212 0.117148 -0.00080438
48 -35.4009 24.8301 -2.16534 0.160516 -0.00182152
49 -26.6223 16.0171 -0.714083 0.0731668 -0.000155358
50 17.5869 9.20819 -0.00230231 0.0390552 0.00041323
51 2.7747 12.3427 -0.539502 0.0740243 -0.00026192
52 2.50439 17.2755 -1.38572 0.124135 -0.00122369
53 -17.5541 14.787 -1.01028 0.104968 -0.0009362
54 10.0987 15.8224 -1.20513 0.11552 -0.00102878
55 -67.8765 34.5049 -2.93954 0.184144 -0.00208484
56 -25.2617 31.3225 -2.8816 0.184867 -0.00209173
57 -81.0574 34.5199 -2.90175 0.180979 -0.00206177
58 -59.1927 31.8654 -3.21036 0.218474 -0.00300751
59 -4.02202 14.8143 -1.16224 0.115419 -0.00113803
60 -51.4906 31.0111 -2.86235 0.191304 -0.00233853
61 33.9239 4.39941 0.108458 0.0515068 -1.37511e-05
62 -31.8034 24.7057 -2.02262 0.144478 -0.00147796
63 29.7874 4.24963 0.0363363 0.0574192 -0.000202609
64 86.5381 -0.0419958 0.640261 0.0307087 0.000365018
65 101.907 3.34288 0.320782 0.0439753 0.000126253
66 124.646 -8.68819 1.56575 -0.0093243 0.000929735
67 77.3444 10.086 -0.536087 0.0838493 -0.000523796
68 89.9591 4.59558 -0.0471966 0.0627212 -0.000330245
69 93.2364 1.13606 0.777363 0.0117722 0.000781341
70 44.3833 16.5129 -1.26266 0.121621 -0.00122315
71 97.4889 -5.03512 1.23655 0.00138607 0.00080432
72 87.6463 7.12024 0.0070191 0.0539704 -3.54803e-06
73 101.079 -7.02925 1.42909 -0.00419274 0.000942416
74 67.0683 10.4488 -0.653577 0.0992697 -0.000955201
75 72.7505 7.93489 -0.371845 0.0832466 -0.00070566
76 47.8284 15.2508 -0.839679 0.0912964 -0.000546794
77 45.133 14.1865 -0.79163 0.0887376 -0.000440102
78 78.2011 0.921204 0.506633 0.0332871 0.000399425
79 80.4315 9.46401 -0.172301 0.0574178 3.09862e-05
80 23.8682 29.5625 -2.73407 0.189659 -0.00238499
81 30.0542 17.7079 -1.07268 0.0966706 -0.0005253
82 110.007 2.85891 0.261705 0.048287 2.49078e-05
83 45.4759 11.9019 -0.619315 0.0859821 -0.000484253
84 10.3763 25.152 -2.26678 0.168171 -0.00188334
85 11.4255 29.6132 -2.7619 0.195555 -0.00248878
86 33.3398 20.9355 -1.57177 0.133732 -0.00139057
87 53.8964 7.72093 0.159592 0.0426166 0.000236033
88 38.8718 13.2483 -0.55435 0.0773598 -0.000385844
89 107.298 -3.12172 1.12423 0.00357995 0.00083488
90 63.4508 19.3757 -1.40534 0.125161 -0.00130949
91 41.8318 24.7895 -2.24564 0.179622 -0.00240144
92 47.3633 12.9331 -0.422016 0.0603304 0.000193997
93 91.0609 0.333634 0.967223 0.00139602 0.00104416
94 106.667 17.8084 -3.45061 0.375471 -0.00907688
95 257.868 -72.4337 11.9155 -0.738273 0.0194133
