0 81.553 15.0913 -0.560047 0.0738551 -0.000249198
1 111.478 15.8906 -0.899 0.0992003 -0.000897234
2 141.987 0.835592 1.07486 -0.0109259 0.0012043
3 176.788 -14.0181 2.63574 -0.0816658 0.00237955
4 169.189 -2.02135 1.33534 -0.022301 0.00139604
5 178.077 -6.67349 1.62404 -0.0273349 0.00141851
6 94.7421 18.8223 -1.56515 0.138278 -0.00167899
7 164.401 -10.573 2.30534 -0.0712081 0.00230269
8 129.605 2.03015 0.680812 0.0171663 0.000541822
9 142.756 -1.16615 1.06037 -0.00524545 0.00108116
10 146.87 -0.396424 0.808595 0.0130802 0.000707009
11 190.432 -9.35068 2.10691 -0.0593702 0.00199947
12 112.114 17.9148 -1.76507 0.158157 -0.00221326
13 224.419 -17.5153 2.79788 -0.082474 0.00230705
14 176.153 -10.4537 1.97004 -0.0494971 0.00186084
15 223.386 -21.8759 3.41853 -0.120043 0.0030763
16 176.079 1.49851 0.159706 0.0629928 -0.00055727
17 138.473 1.03406 0.576789 0.0245086 0.000422686
18 146.351 4.02885 -0.0204224 0.0672164 -0.000527044
19 167.789 2.17295 0.289305 0.0506815 -0.000197418
20 132.185 13.1962 -0.887331 0.0968272 -0.000848207
21 168.827 -1.29979 0.81499 0.013536 0.000623048
22 138.325 13.0952 -0.9562 0.10566 -0.0011339
23 149.59 8.09666 -0.524732 0.0909442 -0.000895353
24 137.879 5.03905 -0.175931 0.0779443 -0.000808989
25 109.238 8.36023 -0.406445 0.0772562 -0.000542691
26 146.972 11.6515 -0.762516 0.0924125 -0.000826648
27 159.47 -4.44596 1.07372 0.00539197 0.000674408
28 172.235 1.40148 0.535435 0.0239485 0.000512064
29 139.997 2.3638 0.294498 0.0365183 0.000212811
30 185.55 1.95203 0.31228 0.0467688 -0.000161783
31 155.358 2.55163 0.205671 0.0469593 -0.000138478
32 113.253 -5.84303 1.18416 0.00818635 0.000513862
33 138.335 -8.06134 1.72375 -0.0334077 0.00146198
34 146.674 -12.5907 2.16328 -0.0498892 0.00173351
35 123.585 -3.87332 0.927426 0.0204697 0.000254401
36 163.491 -17.369 2.61326 -0.0645582 0.00182705
37 92.6094 -1.38905 0.690742 0.0275539 0.000196865
38 122.096 -6.20478 1.15007 0.0143255 0.000264274
39 115.286 -6.69062 1.23857 0.0043436 0.000596987
40 118.703 -4.32833 1.08095 0.00417274 0.000652283
41 99.6599 1.71801 0.287903 0.0502724 -0.00018776
42 167.205 -8.15639 1.47829 -0.0115988 0.000892171
43 150.342 -8.83632 1.628 -0.0215702 0.00116064
44 75.0284 19.4231 -2.09161 0.177157 -0.00257051
45 103.811 4.91682 -0.154429 0.0720877 -0.000601192
46 108.701 -4.13476 0.946279 0.0130282 0.000531327
47 183.904 -15.6557 2.36527 -0.0588328 0.00176215
48 119.121 -1.64468 0.517814 0.044355 -0.000293898
49 100.567 2.78987 -0.0374241 0.0682518 -0.000560794
50 108.04 5.30661 -0.214435 0.0722435 -0.000508144
51 104.735 6.03913 -0.197823 0.0677392 -0.000442533
52 130.876 0.696695 0.186237 0.0567839 -0.000360165
53 113.462 5.73933 -0.249122 0.0727902 -0.000557495
54 108.955 3.81025 0.0221027 0.0560206 -0.000170005
55 131.146 -1.87187 0.748408 0.0196424 0.000483613
56 97.1456 5.57662 -0.222643 0.0678635 -0.000386864
57 122.345 8.65343 -0.71482 0.100147 -0.00110765
58 124.023 -0.249575 0.355936 0.0421277 -4.65858e-05
59 129.133 -1.54926 0.540897 0.0359261 0.000134623
60 122.307 1.60813 0.129511 0.0559825 -0.000302666
61 113.102 4.22631 -0.17772 0.0714395 -0.000610267
62 113.803 1.19382 0.271156 0.0463017 -9.17214e-05
63 67.8843 15.538 -1.57081 0.140187 -0.00179869
64 75.112 -6.029 1.12218 0.0168237 0.000405232
65 113.067 -11.8868 1.96797 -0.0324857 0.00141565
66 96.2787 -15.0085 2.24268 -0.0372218 0.00132841
67 79.1092 -12.2741 1.89387 -0.0254287 0.00115888
68 106.583 -9.86744 1.57122 -0.00224374 0.000739037
69 109.469 -15.6536 2.41268 -0.0541071 0.00173254
70 94.0181 -16.0285 2.49331 -0.0577365 0.00181276
71 108.733 -12.5803 2.03201 -0.0323964 0.00140537
72 98.7667 -11.6285 1.86426 -0.0250429 0.00119931
73 97.96 -13.3972 2.07713 -0.0308906 0.00129622
74 148.14 -17.5847 2.62901 -0.0623154 0.00187379
75 73.0531 -9.03824 1.48741 -0.00156016 0.000752437
76 111.82 -12.705 2.04463 -0.030208 0.00124095
77 101.222 -18.1733 2.61645 -0.0595419 0.00178349
78 102.473 -8.35941 1.46496 -0.00442613 0.000812733
79 60.9144 -5.11367 1.26413 0.000591576 0.00084875
80 86.8217 -4.85208 0.950824 0.0258598 0.000137233
81 108.793 -12.6772 2.08358 -0.0369334 0.0013876
82 75.6985 -5.61269 1.17545 0.0146657 0.000378339
83 62.658 -2.37524 0.683217 0.0379209 3.38964e-05
84 82.5154 3.21331 0.0983076 0.0638832 -0.000386064
85 75.6774 2.76988 0.127106 0.0659094 -0.000499196
86 83.2623 -10.9245 2.20677 -0.0580331 0.00200884
87 69.2972 2.96558 0.167255 0.0630931 -0.000407809
88 58.4142 3.27084 0.062163 0.0655096 -0.000419068
89 51.9117 2.3173 0.509942 0.0287579 0.000463059
90 81.5144 -5.69444 1.38287 -0.00835744 0.000969931
91 82.551 -3.31037 1.03204 0.0123961 0.00061309
92 14.5753 10.094 -0.586578 0.0963664 -0.000936127
93 80.5519 2.97928 0.189125 0.0617243 -0.000338338
94 69.9619 -9.33244 1.81447 -0.0274739 0.00122539
