0 52.7885 14.6654 -0.493232 0.0656659 -8.62781e-05
1 13.1233 23.1491 -1.82608 0.143937 -0.00160896
2 54.8428 12.7839 -0.589229 0.0809226 -0.000434607
3 -23.9798 44.9202 -4.62799 0.288093 -0.00420527
4 53.8544 10.4986 -0.453927 0.0778323 -0.000463758
5 42.9892 13.6786 -0.691956 0.0892395 -0.000696991
6 89.4164 0.0621327 1.34036 -0.0334346 0.00182247
7 -2.99481 26.3261 -1.89037 0.131457 -0.00116592
8 25.6294 23.5576 -2.03179 0.153707 -0.00179852
9 16.0652 27.5325 -2.44108 0.174996 -0.0022124
10 40.4152 16.1091 -1.14661 0.114227 -0.00120679
11 51.8211 5.36295 0.876816 -0.0229544 0.00184235
12 62.0571 13.2785 -0.638214 0.075273 -0.000155763
13 -11.347 23.9306 -1.83949 0.135702 -0.00138283
14 -25.0146 32.5462 -2.91532 0.191408 -0.00232997
15 -1.37293 23.7856 -2.21553 0.171307 -0.00225758
16 20.5832 15.5909 -1.02334 0.0998346 -0.000822352
17 22.7874 32.1555 -3.0514 0.203129 -0.00265458
18 59.9833 20.4825 -1.76495 0.143365 -0.0016109
19 101.05 3.55295 0.152152 0.0515342 -8.04365e-05
20 48.5514 19.3887 -2.02328 0.173173 -0.00244046
21 24.6029 22.3286 -1.98032 0.153581 -0.00183405
22 73.5014 8.87474 -0.403036 0.0730594 -0.000308958
23 52.1546 18.0457 -1.76331 0.155073 -0.00203552
24 74.0049 9.29499 -0.643354 0.0944935 -0.000876703
25 64.4531 17.9201 -1.42415 0.123955 -0.00131253
26 31.1507 19.8568 -1.79551 0.145618 -0.00172329
27 11.5318 25.5011 -2.3867 0.171151 -0.0021116
28 94.7644 3.65813 0.112442 0.0548789 -0.000173777
29 39.7004 24.5154 -2.14406 0.155299 -0.00173419
30 68.2278 6.80337 0.0644361 0.0422905 0.000284435
31 42.8739 22.2095 -2.02613 0.157117 -0.0018928
32 88.6112 7.3045 -0.229905 0.0723533 -0.000446205
33 72.0068 4.51017 0.287781 0.0370969 0.000321801
34 14.8036 25.4242 -2.24858 0.1683 -0.00214099
35 -56.4073 44.7671 -4.47306 0.275536 -0.00397983
36 -16.4295 30.975 -2.46112 0.16058 -0.00167769
37 37.5051 15.898 -0.924532 0.0945307 -0.000659116
38 65.1116 3.50991 0.734336 -0.00170512 0.00126135
39 17.2526 17.7669 -1.13382 0.104019 -0.000925305
40 48.3596 8.59161 -0.443688 0.0818118 -0.000653815
41 -0.798609 20.6677 -1.4573 0.118484 -0.00114744
42 41.1975 25.1917 -2.46204 0.185671 -0.00257553
43 -42.946 38.6257 -3.48815 0.209228 -0.00255973
44 7.33595 19.5846 -1.14768 0.0899456 -0.000415959
45 7.23516 31.4057 -2.97748 0.203066 -0.00278941
46 15.247 30.3154 -2.80836 0.190549 -0.0024613
47 -12.6082 24.3916 -1.77824 0.124019 -0.0010499
48 59.705 11.4983 -0.665682 0.0868302 -0.000699273
49 -11.9878 28.7291 -2.38324 0.158108 -0.0017475
50 24.6204 23.4465 -1.94943 0.141865 -0.00153841
51 61.7671 13.5143 -1.02803 0.106566 -0.00105944
52 57.3508 15.1855 -1.16641 0.113746 -0.00119742
53 28.1283 26.0561 -2.388 0.172439 -0.00223537
54 9.58972 30.6396 -2.99765 0.201193 -0.00267289
55 -7.4929 33.245 -2.98023 0.190026 -0.00231586
56 30.1156 21.189 -1.67609 0.125971 -0.00121018
57 -17.8875 36.7004 -3.63625 0.231924 -0.00327685
58 60.6625 3.61854 0.0714888 0.0535973 -0.000182546
59 63.1959 11.4237 -0.890593 0.106932 -0.00122423
60 49.155 10.3318 -0.76421 0.0970782 -0.000951337
61 63.3327 13.4254 -1.09967 0.112303 -0.00109588
62 83.9642 5.78442 -0.204019 0.0716165 -0.00057683
63 60.3997 6.49773 -0.415793 0.0842723 -0.000804725
64 156.799 3.30103 -0.0471904 0.0691097 -0.000581983
65 109.167 14.2488 -1.01506 0.103646 -0.000985744
66 144.416 7.25309 -0.191926 0.0624409 -0.000292911
67 122.413 10.3565 -0.600306 0.0811944 -0.000607204
68 156.323 4.60231 0.0546168 0.0510509 -0.000100303
69 121.494 15.4217 -0.953625 0.0914335 -0.000733252
70 92.614 17.0851 -1.39807 0.119319 -0.00128919
71 87.1039 16.3591 -1.10682 0.0998282 -0.000869459
72 137.897 9.11427 -0.39194 0.068585 -0.00035994
73 149.864 4.07067 0.052415 0.052453 -6.51676e-05
74 100.217 7.69741 -0.466989 0.0830932 -0.000760687
75 62.0408 23.6269 -1.95222 0.139275 -0.00153044
76 165.116 3.59546 -0.0488843 0.0671874 -0.00057272
77 65.733 20.1827 -1.61499 0.126723 -0.00135705
78 85.1861 11.8874 -0.776444 0.0899637 -0.000790965
79 68.3218 18.1227 -1.23339 0.102645 -0.000794352
80 45.0934 28.3657 -2.75008 0.189651 -0.00252947
81 74.3958 22.8136 -2.32821 0.178755 -0.00246924
82 87.6745 20.43 -2.05512 0.165629 -0.00221203
83 71.6066 22.0918 -2.08239 0.156185 -0.00193495
84 111.048 13.1553 -0.751281 0.0837586 -0.000549121
85 91.4515 23.9284 -1.98331 0.143223 -0.00159547
86 93.1694 13.155 -0.687804 0.0776879 -0.00044488
87 56.908 35.4167 -3.38036 0.214444 -0.00293007
88 138.733 1.24899 0.767273 0.00428207 0.000890983
89 105.445 7.59102 0.0368933 0.038277 0.00033256
90 53.22 24.7916 -1.93903 0.13731 -0.00153915
91 100.511 15.2346 -0.689496 0.0723034 -0.000317067
92 139.461 5.27996 0.103898 0.0461687 -3.62792e-05
93 70.7568 20.0489 -1.28933 0.100719 -0.00071944
94 116.218 12.8686 -0.87229 0.0968126 -0.000941035
