0 114.416 -10.2801 1.95323 -0.030281 0.00119337
1 45.3913 7.21123 -0.444328 0.103453 -0.00137306
2 70.2777 2.41138 0.380352 0.0485686 -0.000116981
3 82.3837 -3.25036 0.771729 0.0396783 -0.000221042
4 77.3868 -5.28168 1.11911 0.0178717 0.000257967
5 64.7678 2.40115 0.230552 0.0614178 -0.000485588
6 76.9683 -5.93506 1.35549 -0.00505352 0.000863827
7 93.4696 -5.88937 1.15385 0.0148458 0.000347797
8 112.574 -13.4129 2.23068 -0.0492042 0.00165911
9 92.9515 -2.13518 0.821669 0.0252265 0.000271948
10 51.9333 5.6435 -0.255688 0.0850782 -0.00088044
11 90.4015 -6.37946 1.22462 0.0109573 0.000430795
12 160.245 -25.7703 3.63503 -0.115624 0.00276694
13 28.515 0.702209 0.497165 0.0393447 7.27861e-05
14 89.3613 -7.45141 1.53663 -0.0137546 0.00100044
15 71.2741 0.858749 0.331208 0.0533525 -0.000249548
16 81.8358 -9.14098 1.63685 -0.0189109 0.00116515
17 54.5732 -2.28448 0.689874 0.0324524 0.000138119
18 78.1594 0.559729 0.325433 0.0523213 -0.00025501
19 103.309 -5.7246 1.29006 -0.00216092 0.000871451
20 88.5162 -5.38229 1.20209 0.00118537 0.000784111
21 91.1938 0.0637902 0.417144 0.0490186 -0.000184278
22 52.6766 6.09672 -0.369873 0.0919269 -0.000987043
23 86.6846 -0.817753 0.640746 0.0302514 0.000203381
24 79.6043 0.746503 0.394081 0.0427815 3.57906e-05
25 40.6645 14.9314 -1.6449 0.162437 -0.0024401
26 98.4445 -3.25638 0.824779 0.0243308 0.000272449
27 77.2572 1.20789 0.279255 0.0568066 -0.000336933
28 94.3475 -9.18854 1.60625 -0.0171737 0.00104034
29 86.9349 7.6956 -0.550285 0.0970899 -0.00109583
30 101.167 -0.349073 0.759152 0.0177207 0.000448962
31 82.1963 -5.20953 1.04747 0.0160584 0.000324593
32 66.1605 -7.93757 1.61178 -0.0177747 0.00103178
33 66.1589 -10.1384 1.84348 -0.0263076 0.00103917
34 68.0225 -4.58898 1.26664 -0.00172379 0.000744774
35 55.0368 -9.91735 1.8306 -0.0301694 0.00116242
36 113.508 -23.1213 3.39592 -0.107162 0.00259417
37 62.7192 -4.83441 1.17865 0.00517006 0.000566973
38 57.9255 -7.0292 1.5416 -0.0199225 0.00111567
39 83.0085 -19.395 2.79911 -0.0677931 0.00174506
40 77.485 -8.68826 1.52503 -0.0096679 0.000777304
41 91.7126 -10.532 2.01041 -0.044239 0.00166975
42 67.3345 -8.21413 1.56149 -0.0157265 0.000937363
43 80.6932 -15.2173 2.57356 -0.0747303 0.00212971
44 57.3459 -8.69872 1.58174 -0.0170194 0.000933281
45 47.7326 0.886619 0.399365 0.0473739 -0.000253396
46 59.7976 -3.07775 0.817074 0.02577 0.000153845
47 53.5895 -7.47865 1.31086 0.00192016 0.000600454
48 60.1795 -8.754 1.66747 -0.0250514 0.0012458
49 59.9523 -7.3358 1.33482 -0.00280413 0.000666883
50 84.879 -9.95159 1.62348 -0.0166017 0.000908622
51 83.0968 -10.2839 1.70892 -0.0203234 0.00102631
52 73.3797 -13.5462 2.05171 -0.0369578 0.00127059
53 36.8385 6.67964 -0.0660597 0.0549557 -0.000161351
54 29.6155 0.9764 0.372932 0.0457243 -0.000121302
55 83.1785 -4.05553 0.920822 0.0152276 0.000367734
56 46.4306 1.43974 0.202748 0.0495766 -0.000223771
57 70.7628 -7.10894 1.28366 -0.000900224 0.000659078
58 70.4484 -1.16431 0.536883 0.0329878 0.000100767
59 62.6805 -1.99669 0.721574 0.0224056 0.000313746
60 65.2868 -6.57813 1.15748 0.00898903 0.000404595
61 22.2843 9.17206 -0.720555 0.101676 -0.00121058
62 64.1819 -6.69816 1.26927 -0.00514675 0.000774297
63 56.9621 -1.95874 0.72759 0.0217397 0.000309297
64 112.54 2.02217 0.423295 0.0400799 0.000163453
65 143.723 -13.1903 2.18437 -0.0456977 0.00160614
66 101.79 -3.64189 1.15145 0.00269983 0.000807292
67 97.2662 -1.18649 0.843324 0.0153445 0.000576421
68 138.434 -9.18696 1.75214 -0.0239774 0.00126487
69 167.501 -19.4683 2.93701 -0.0812922 0.00213475
70 177.948 -17.0153 2.50147 -0.0557308 0.00158689
71 187.619 -17.985 2.74307 -0.0735723 0.00201658
72 162.839 -17.789 2.61445 -0.0650362 0.00185879
73 147.396 -15.105 2.19714 -0.038719 0.00126661
74 163.152 -10.7617 1.79174 -0.0246246 0.00115429
75 165.171 -10.8017 1.72212 -0.0154909 0.000846328
76 141.605 -9.62162 1.69733 -0.017407 0.000997383
77 101.614 1.70574 0.374829 0.0432334 8.00537e-06
78 126.874 -1.29747 0.567888 0.0413355 -4.07857e-05
79 155.236 -14.3268 2.24165 -0.0453884 0.00149692
80 169.299 -10.0454 1.7905 -0.0299412 0.00128984
81 123.198 -1.2473 0.782713 0.0196804 0.000483194
82 109.185 -2.64903 0.763516 0.0297129 0.000202244
83 126.068 6.44544 -0.229086 0.0724893 -0.000497751
84 112.983 3.87586 0.00205102 0.0637535 -0.000360465
85 103.47 0.320847 0.602721 0.0272129 0.000311858
86 97.1264 5.37121 -0.143068 0.0712455 -0.000503799
87 129.264 -3.76301 0.97099 0.0143798 0.000501154
88 124.698 -0.7139 0.514307 0.0410337 -3.21892e-05
89 131.717 0.366724 0.479616 0.0364133 0.000143586
90 132.045 5.73046 -0.181793 0.0745361 -0.000606129
91 118.351 -2.39669 0.868078 0.0167461 0.000520662
92 140.314 1.08507 0.419484 0.0432794 -3.43855e-05
93 108.674 7.42808 -0.4704 0.0922526 -0.000992753
94 131.619 2.65846 0.18261 0.0563855 -0.000194791
