0 157.874 -14.6008 2.68174 -0.0875466 0.00254373
1 103.301 4.47557 0.588422 0.00839357 0.000882627
2 107.843 -3.90675 1.16517 0.00203833 0.000560865
3 120.825 4.80601 0.174341 0.0428415 5.15353e-05
4 122.296 -2.24884 0.672473 0.0327227 -2.76723e-05
5 81.3538 13.3553 -0.991497 0.108565 -0.0013504
6 105.215 -0.705914 1.20587 -0.0196712 0.00122575
7 108.966 5.98956 -0.121039 0.0651226 -0.000526413
8 106.045 2.36979 0.567499 0.0204362 0.000473816
9 100.182 -1.77514 1.24595 -0.0208977 0.00131058
10 116.186 -0.945939 0.937208 -0.00223694 0.000939301
11 113.9 7.07247 -0.28126 0.0705947 -0.0005294
12 36.7528 23.1097 -2.05244 0.152679 -0.00190096
13 125.48 -1.05054 0.688115 0.0208548 0.000325563
14 126.126 -0.231798 0.521482 0.0363973 -2.52238e-05
15 85.1842 7.81385 -0.320761 0.0675073 -0.000452107
16 153.552 0.470567 0.407154 0.0386403 -8.42454e-06
17 130.082 -6.32492 1.34537 -0.0154481 0.00105328
18 141.829 3.61612 0.109759 0.0482811 -8.47294e-05
19 99.095 6.77033 -0.289842 0.0716723 -0.000588267
20 102.06 6.72682 -0.25052 0.0657296 -0.000432927
21 121.218 2.46367 0.310231 0.035267 0.000125439
22 114.063 6.32996 -0.302994 0.073696 -0.000550688
23 126.572 1.79529 0.262104 0.0429665 -5.98323e-05
24 144.356 -3.52197 0.980446 0.00458644 0.000635185
25 108.122 11.4068 -0.787388 0.0905029 -0.000777799
26 92.9356 4.66581 0.143719 0.0395057 0.000160492
27 105.661 0.435646 0.522797 0.0260199 0.000404836
28 115.979 4.32503 -0.0716223 0.0616517 -0.000421349
29 93.3272 3.44687 0.481071 0.0130313 0.000751321
30 153.87 -1.75931 0.873479 0.00773614 0.000676593
31 67.802 19.8383 -1.80419 0.142225 -0.00175271
32 123.396 3.14857 0.482355 0.0295627 0.000398608
33 142.272 -6.59661 1.7027 -0.0290737 0.00137589
34 77.6096 14.6056 -0.776642 0.0886555 -0.000634168
35 40.9578 22.5583 -1.59252 0.122876 -0.00107924
36 33.252 31.3349 -2.64798 0.174901 -0.00205251
37 153.55 -2.54383 1.00166 0.00794806 0.000506745
38 106.591 -2.22278 1.3583 -0.0231455 0.00147882
39 130.78 0.399644 0.816414 0.0104396 0.000748612
40 77.9866 9.19692 -0.404664 0.0801091 -0.000658153
41 132.981 -5.4735 1.53804 -0.028768 0.00156342
42 143.705 -10.6021 2.10291 -0.0527541 0.00184752
43 129.605 -4.13007 1.1289 0.00264095 0.000800419
44 82.0718 11.2952 -0.825179 0.105831 -0.00116714
45 119.507 -3.12677 0.893174 0.0171362 0.000468119
46 138.474 3.85074 0.15622 0.0516046 -0.000111613
47 117.276 0.797367 0.515595 0.0332073 0.000243469
48 177.591 -18.8976 2.76511 -0.0755792 0.0020701
49 139.132 2.9828 0.215996 0.0502342 -0.000100369
50 105.912 2.33499 0.420563 0.0340261 0.000228339
51 129.87 0.619824 0.630492 0.0200196 0.00068236
52 121.806 10.8664 -0.876022 0.109854 -0.00128216
53 118.923 4.64062 0.067385 0.0541304 -8.46741e-05
54 119.098 4.34412 -0.0625647 0.0683922 -0.000459746
55 96.6483 9.46286 -0.685872 0.098155 -0.000952987
56 92.2081 10.0849 -0.775779 0.0991305 -0.000965424
57 126.422 9.03485 -0.627003 0.0948683 -0.000949179
58 89.5254 15.8644 -1.40962 0.125313 -0.00132311
59 126.509 3.88003 -0.00997073 0.0624832 -0.000291702
60 127.645 7.11521 -0.444177 0.0853626 -0.000728414
61 112.183 4.18491 -0.126603 0.0713704 -0.000510482
62 134.332 1.51171 0.284821 0.0495691 -5.06379e-05
63 114.36 6.16652 -0.406089 0.0879442 -0.000942756
64 78.649 -15.201 2.28143 -0.0476237 0.00155039
65 84.7922 -14.8633 2.24158 -0.0467769 0.00152333
66 72.8435 -1.87999 0.653747 0.0405181 -0.000136008
67 99.8757 -8.2317 1.40409 -0.0049149 0.000773449
68 76.34 -8.78994 1.51725 -0.00969753 0.000860739
69 64.6314 -4.54543 0.878797 0.0265779 0.000156971
70 63.9395 -8.41515 1.35071 0.00340664 0.000489315
71 45.2442 -2.46977 0.65368 0.0371073 -7.49149e-05
72 49.9455 -12.3221 1.79957 -0.0192849 0.000968348
73 67.3427 -6.17087 1.17613 0.0084613 0.000467726
74 59.3606 3.32507 0.017255 0.0665457 -0.000546314
75 81.0455 -9.0337 1.59801 -0.0206588 0.00114801
76 72.829 -7.9099 1.4595 -0.00883784 0.000841519
77 70.5019 -8.51396 1.26148 0.00846609 0.000374523
78 69.296 -3.56368 0.738158 0.0323076 1.94185e-05
79 65.396 -2.86685 0.788642 0.0262037 0.000155263
80 62.5529 -7.82132 1.53964 -0.025007 0.00134793
81 43.1199 10.3595 -1.06696 0.126815 -0.0017371
82 48.7492 3.52753 0.0273593 0.0611736 -0.000399147
83 127.459 -12.2153 1.95308 -0.0373842 0.00135998
84 107.79 -9.1747 1.60902 -0.0165251 0.000949677
85 80.7959 -8.87272 1.67345 -0.026552 0.00127801
86 87.1429 -2.84534 0.63605 0.0422275 -0.000240205
87 52.9883 3.63049 -0.0105358 0.0681706 -0.000575234
88 53.6548 5.35311 -0.298632 0.0836278 -0.000911615
89 42.3157 5.2853 -0.266599 0.0799116 -0.000839954
90 32.5098 3.6122 0.0438371 0.0608483 -0.000435122
91 55.6148 -3.0976 0.841609 0.0240857 0.000184009
92 79.7697 -11.6398 1.81508 -0.0264252 0.00110142
93 88.1735 -10.6922 1.7567 -0.0251204 0.0011303
94 23.8363 16.3221 -1.61756 0.150273 -0.00197262
