0 13.6056 20.6403 -1.12857 0.098122 -0.000575531
1 61.5031 15.6601 -0.629426 0.0809913 -0.00046767
2 98.4579 -1.49016 2.03874 -0.0821773 0.00284576
3 52.6802 10.0305 0.382074 0.0120845 0.00100434
4 42.9203 16.5257 -0.603487 0.0713935 -0.000217878
5 65.5242 4.57956 1.06778 -0.0258819 0.00172084
6 -3.87914 26.3546 -1.87394 0.134778 -0.00135578
7 113.763 -18.2075 3.79 -0.156716 0.00388779
8 17.641 17.6793 -0.681586 0.0655738 6.93606e-05
9 62.3655 6.99499 0.758035 -0.0161507 0.00178861
10 -7.73676 25.2626 -1.83853 0.131696 -0.00116117
11 -25.0618 36.0824 -2.9144 0.177283 -0.00184849
12 29.079 24.809 -1.72099 0.123695 -0.00103764
13 -2.40736 19.7989 -1.07756 0.0900094 -0.000493092
14 -11.6813 31.4756 -2.67515 0.179665 -0.00213479
15 9.75724 33.0224 -2.87372 0.190186 -0.00239122
16 -35.9741 35.7853 -3.25665 0.210545 -0.00272946
17 38.1995 3.98062 0.995851 -0.0199858 0.00159549
18 9.30952 22.5011 -1.34948 0.102552 -0.000660372
19 -33.1791 42.3552 -4.08112 0.252991 -0.00352834
20 7.96179 23.2742 -1.88566 0.143163 -0.00150224
21 21.7461 17.9305 -0.829431 0.0784071 -0.000310947
22 33.4128 28.001 -2.07166 0.139285 -0.00127673
23 -8.1851 33.8747 -3.16241 0.207693 -0.00268457
24 1.50326 35.7913 -3.18023 0.201679 -0.00252627
25 27.0235 18.1232 -0.714242 0.0645661 0.000156208
26 -14.1313 27.4856 -1.91525 0.12573 -0.000883027
27 3.48118 23.5923 -1.3324 0.0946866 -0.000373541
28 -12.6153 35.5829 -3.12901 0.197313 -0.00235228
29 31.4842 21.2142 -1.22884 0.0957842 -0.000531199
30 11.2719 24.5531 -1.63971 0.117214 -0.000932062
31 10.8917 30.4114 -2.5002 0.165445 -0.00182967
32 7.6099 25.0203 -1.73274 0.130706 -0.00115712
33 12.081 22.1035 -1.2507 0.0997601 -0.000565961
34 98.7388 -6.3299 2.14371 -0.0699875 0.00248115
35 -0.588778 24.0741 -1.36035 0.0966299 -0.000261969
36 -7.03918 25.3302 -1.5113 0.108858 -0.000624333
37 9.82519 25.1818 -1.72874 0.126284 -0.000955835
38 28.2066 15.3184 -0.309275 0.0462872 0.000574486
39 -10.0263 29.1892 -2.37596 0.170037 -0.00198428
40 -22.4006 31.8877 -2.82 0.199402 -0.00263721
41 70.3637 7.6305 0.416524 0.0225013 0.000749989
42 0.951574 29.0827 -2.52922 0.180167 -0.00220599
43 47.7063 12.6846 0.0967001 0.0235746 0.000916641
44 -18.9448 39.5613 -3.69433 0.240222 -0.00332676
45 2.81427 26.4794 -1.78367 0.120153 -0.000777131
46 -14.9322 32.4589 -2.65698 0.177112 -0.00195058
47 -16.9364 29.7338 -2.32141 0.158814 -0.00169618
48 34.6443 22.1621 -1.91417 0.156461 -0.00191835
49 18.8492 19.4797 -1.14588 0.0970522 -0.000488044
50 9.10513 29.2723 -2.45072 0.169117 -0.0018602
51 -7.55347 31.5208 -2.60195 0.170596 -0.00175224
52 84.5314 11.8628 -0.196426 0.0462018 0.000471952
53 -26.3619 39.875 -3.59016 0.218813 -0.00269105
54 37.4153 20.2824 -1.51201 0.127509 -0.00121042
55 15.0721 25.717 -2.04931 0.149092 -0.00153032
56 49.7894 21.1112 -1.48159 0.115365 -0.000835535
57 -6.07705 36.9346 -3.4694 0.222336 -0.00283172
58 18.7193 26.2715 -2.09303 0.144952 -0.00136371
59 9.76209 27.5193 -2.39683 0.172317 -0.00199956
60 3.30773 32.777 -3.239 0.222623 -0.00303762
61 30.133 23.2588 -1.95521 0.151475 -0.00162584
62 50.7852 13.3506 -0.861776 0.100557 -0.000829327
63 30.8582 20.3197 -1.13297 0.0883831 -0.000231464
64 40.2518 7.72921 -0.376319 0.0840773 -0.000642425
65 4.47854 12.6457 -0.7772 0.093191 -0.000707359
66 29.5845 8.62928 -0.17915 0.064484 -0.000254042
67 -3.18384 26.4414 -2.37056 0.171564 -0.00211665
68 9.30288 21.8678 -1.66477 0.130359 -0.00130788
69 -10.5533 23.3161 -1.80525 0.135885 -0.00141711
70 15.0856 16.4616 -0.986001 0.0952622 -0.000708063
71 35.5554 8.36714 -0.114132 0.0569201 -8.15581e-05
72 -3.22075 16.6591 -1.08765 0.104493 -0.000951072
73 -7.12523 18.1493 -0.89143 0.0813224 -0.000307127
74 25.3876 15.9517 -1.3064 0.127072 -0.00146678
75 -19.3129 21.1793 -1.33657 0.106608 -0.000791554
76 -29.1466 27.7312 -2.16354 0.153575 -0.00166454
77 -20.0298 25.5333 -2.09645 0.152509 -0.00171238
78 8.58405 22.8973 -1.72241 0.131136 -0.00127095
79 -13.5604 26.9799 -2.50475 0.182395 -0.00239794
80 -8.98416 20.1522 -1.1338 0.0902188 -0.000374146
81 -36.2988 23.7097 -1.61614 0.115553 -0.000892269
82 -8.80869 27.274 -2.2475 0.154336 -0.00164808
83 -2.46374 18.3519 -1.30248 0.113468 -0.00100815
84 8.94613 23.3274 -1.83381 0.13812 -0.00138535
85 55.1641 1.7121 0.867713 0.00293285 0.0010844
86 10.2745 24.8377 -1.90733 0.140505 -0.00145461
87 -4.16424 15.3679 -0.667782 0.0744927 -0.000161973
88 7.52387 15.2654 -0.584852 0.0677844 -5.2112e-05
89 -1.75881 16.8167 -0.69305 0.0700775 -3.19576e-05
90 -14.0122 16.8485 -0.979712 0.0964465 -0.00071009
91 8.91948 14.6159 -0.24941 0.0427441 0.000535058
92 54.4134 7.0475 0.264914 0.0327147 0.000488897
93 24.0891 16.5377 -0.91001 0.092461 -0.000652825
94 -0.481243 16.7629 -1.04559 0.104959 -0.000885088
