0 -20.5298 35.2568 -3.28304 0.215392 -0.00289994
1 45.2276 12.2355 0.0846029 0.021583 0.000854306
2 62.8218 9.86329 0.196042 0.0230666 0.000724118
3 39.1375 11.072 0.177481 0.0172526 0.000936056
4 46.5746 12.8654 -0.242429 0.0522936 7.28939e-05
5 94.3435 5.89554 0.787485 -0.00832924 0.00128207
6 -15.774 35.5161 -2.99722 0.185333 -0.00223474
7 31.6768 17.6454 -0.865279 0.0821852 -0.000477151
8 69.1972 7.73449 0.471894 0.00962374 0.000891399
9 42.9743 16.4736 -0.561979 0.056203 0.000159694
10 49.3036 18.1698 -0.656139 0.0560313 0.000259465
11 30.9682 20.4551 -1.11496 0.0886566 -0.000498559
12 60.797 10.5564 0.194486 0.0119284 0.00107436
13 34.471 17.3709 -0.590507 0.0547475 0.000191827
14 35.9204 25.2173 -1.8257 0.128281 -0.00119574
15 8.88026 37.1755 -3.45196 0.216291 -0.00283915
16 11.3903 28.7916 -2.18454 0.137373 -0.00125048
17 1.34006 37.6655 -3.36159 0.200772 -0.00237939
18 35.7911 28.1821 -2.13256 0.13608 -0.00122862
19 61.0543 22.4122 -1.58739 0.116144 -0.000945902
20 45.3486 18.5983 -1.62914 0.13677 -0.00161004
21 37.1018 26.6941 -2.18215 0.146746 -0.00158416
22 38.8402 28.5012 -2.7508 0.19095 -0.00257987
23 36.302 20.6057 -1.67671 0.133049 -0.00149558
24 -2.50036 38.1107 -3.46924 0.206619 -0.00248524
25 19.8481 26.0498 -1.93593 0.13 -0.00125592
26 28.57 23.632 -1.43052 0.0912907 -0.000268227
27 57.6162 16.3003 -0.786456 0.0729986 -0.000238019
28 15.4883 33.2623 -2.91395 0.183776 -0.00221568
29 -0.721697 35.8861 -2.96446 0.175764 -0.00199577
30 7.95386 32.4058 -3.14846 0.210963 -0.00291527
31 11.5334 34.2441 -2.90278 0.175609 -0.00198178
32 67.6055 14.5617 -0.0602531 0.0253705 0.000887565
33 62.2476 20.9791 -0.841113 0.0634718 0.000211429
34 36.6511 33.637 -2.6365 0.163967 -0.00167419
35 56.409 30.7325 -2.28283 0.148268 -0.00151425
36 82.8461 17.1039 -0.817154 0.0751412 -0.000117768
37 99.9141 23.3691 -1.73952 0.133305 -0.00136216
38 51.3348 29.1547 -2.18629 0.143415 -0.00138334
39 65.8564 9.43989 0.284349 0.015662 0.000910618
40 37.6232 26.0869 -1.63097 0.099197 -0.000303673
41 75.5305 21.7622 -1.36337 0.101866 -0.000639103
42 47.9883 24.724 -1.65005 0.113964 -0.000799728
43 97.6023 18.7807 -0.840671 0.0683085 1.29224e-05
44 40.0114 25.3877 -1.71944 0.116433 -0.00094932
45 16.0165 33.2312 -3.04796 0.199024 -0.00248664
46 17.8113 33.5672 -3.08688 0.199625 -0.0025928
47 20.4122 43.8084 -4.05951 0.237134 -0.00308284
48 30.5097 39.2833 -3.57337 0.212306 -0.00264372
49 16.0335 34.6919 -2.75022 0.160268 -0.00152331
50 75.844 22.8459 -1.3529 0.0961111 -0.000510777
51 41.7013 35.8742 -3.05422 0.181952 -0.00201566
52 8.75644 42.4467 -3.88613 0.226772 -0.00282749
53 57.2789 27.3662 -2.0536 0.130302 -0.00103719
54 46.4453 32.8883 -2.79698 0.171328 -0.00184778
55 42.8896 36.0497 -3.07815 0.185569 -0.00211661
56 89.2825 23.1094 -2.12518 0.154951 -0.00187457
57 46.4746 38.271 -3.62047 0.218999 -0.00273358
58 8.71211 41.7149 -3.72719 0.212957 -0.00260469
59 31.1173 41.1335 -3.5908 0.206724 -0.00247094
60 46.2088 33.5569 -3.08698 0.191895 -0.00225102
61 97.9961 29.5184 -2.96778 0.205197 -0.00283852
62 45.7767 33.2045 -3.01962 0.191637 -0.00234831
63 74.8726 27.0872 -2.65308 0.185274 -0.00245075
64 37.7325 30.0785 -2.53651 0.16521 -0.00187173
65 62.2629 12.4042 -0.617791 0.071798 -0.000222069
66 38.5303 27.6297 -2.20427 0.145937 -0.00146988
67 55.5238 19.0515 -1.23921 0.0952155 -0.000617511
68 79.3993 11.3767 -0.445072 0.0646722 -0.00019431
69 96.2007 2.01659 1.20462 -0.0373107 0.00180246
70 68.2658 17.8031 -1.00076 0.0862961 -0.000530552
71 75.216 14.2913 -0.449919 0.054143 9.39131e-05
72 50.4842 23.4843 -1.72005 0.121952 -0.00113961
73 80.7757 11.4885 -0.614788 0.0788923 -0.000549561
74 80.5861 10.8272 -0.769433 0.0940406 -0.000943803
75 77.7897 18.3429 -1.84377 0.158561 -0.00221512
76 36.5805 27.7021 -2.37286 0.159744 -0.00184789
77 35.2804 29.0488 -2.29791 0.145274 -0.00147238
78 28.4452 21.9565 -1.49099 0.104682 -0.000776999
79 68.5671 15.6088 -0.591054 0.0580222 8.52215e-05
80 21.1743 27.5885 -2.06535 0.13294 -0.0012844
81 72.8332 9.89077 0.0342063 0.0308394 0.000477556
82 40.6221 24.9935 -1.94676 0.133179 -0.00133134
83 -15.8059 38.1191 -3.31857 0.19316 -0.00228953
84 29.6058 30.3611 -2.466 0.15467 -0.00168006
85 27.3611 28.581 -2.3652 0.155936 -0.00173224
86 36.1056 22.0313 -1.48122 0.11045 -0.000994756
87 36.164 27.734 -2.11351 0.138632 -0.00141782
88 25.2666 28.4711 -2.33772 0.154797 -0.00178715
89 12.1796 32.1626 -2.65732 0.162882 -0.00182476
90 57.2171 17.3714 -0.853588 0.0741522 -0.000273497
91 37.0902 29.1278 -2.17585 0.140695 -0.00159606
92 28.8288 24.2598 -1.7544 0.121766 -0.00109318
93 63.9281 17.5727 -1.0128 0.0869747 -0.000560034
94 -2.45557 36.1924 -3.46217 0.217073 -0.00291805
