0 -4.573 16.4997 -0.873014 0.0916402 -0.000714368
1 -47.3062 19.2355 -1.36553 0.124678 -0.00136519
2 15.19 2.10996 0.904545 -0.000182276 0.00095351
3 -30.3151 15.0374 -0.685529 0.080505 -0.000474662
4 -17.6726 10.0094 0.0194287 0.0400517 0.000332991
5 5.38911 6.73029 0.452355 0.0208542 0.00060802
6 -10.5561 15.6637 -0.582246 0.065571 -9.47975e-05
7 -18.91 20.9196 -1.45799 0.122002 -0.00125953
8 -16.6157 11.0055 -0.326212 0.065255 -0.000308515
9 35.2472 6.26932 0.132383 0.0467282 -2.3526e-05
10 -4.82487 13.6467 -0.616326 0.0778392 -0.000497727
11 -36.1562 28.804 -2.48057 0.17311 -0.0022092
12 -6.018 12.3686 -0.546672 0.0740966 -0.000353718
13 7.56637 16.2095 -0.872167 0.0829333 -0.000333867
14 -12.6583 26.0147 -2.30591 0.169619 -0.00220315
15 -27.3519 14.6943 -0.783079 0.0866945 -0.000596895
16 -58.2226 33.9687 -2.97464 0.190228 -0.00239648
17 -33.6957 21.1765 -1.39416 0.112122 -0.00106109
18 -11.2143 24.8586 -2.19583 0.166303 -0.00220062
19 -10.4083 24.5195 -2.15588 0.16182 -0.0020605
20 -30.961 18.5594 -0.937529 0.08267 -0.000452041
21 12.009 13.3297 -0.724733 0.0852537 -0.000583086
22 10.1067 8.32329 0.0075103 0.0434882 0.000192662
23 -28.0334 27.1136 -2.44217 0.172047 -0.00219884
24 17.3054 14.5477 -1.00345 0.100941 -0.000910971
25 -36.286 21.5256 -1.61539 0.124433 -0.00126792
26 -20.695 15.7599 -1.10514 0.107085 -0.00102166
27 -22.6229 26.8996 -2.56164 0.185973 -0.00243833
28 -21.3895 23.742 -1.86179 0.136572 -0.00144769
29 15.0935 14.6568 -0.799131 0.0862081 -0.000624061
30 28.8625 14.5185 -1.01347 0.106224 -0.0011364
31 -33.3691 24.8094 -1.83826 0.130291 -0.00129277
32 132.778 6.64063 0.220046 0.0384512 0.000318703
33 115.118 13.2355 -0.498168 0.0707944 -0.00024178
34 114.116 18.5674 -1.10308 0.0971339 -0.000616841
35 95.566 20.9441 -1.1824 0.0953043 -0.000520997
36 163.154 2.16382 0.617046 0.0190402 0.000565198
37 245.281 -24.9011 4.12137 -0.178006 0.00425134
38 106.046 17.7503 -1.0186 0.0947084 -0.000671533
39 142.283 1.41653 0.944129 -0.00419124 0.00112661
40 147.511 1.53201 0.551415 0.0287902 0.000312433
41 83.1103 22.7742 -1.75799 0.138585 -0.00158588
42 138.05 5.08869 0.272508 0.0360057 0.000286722
43 124.649 11.9273 -0.456725 0.0677857 -0.000258448
44 158.095 2.92562 0.307905 0.0421651 7.47836e-05
45 122.98 19.2089 -1.53614 0.127583 -0.00139125
46 150.131 9.35575 -0.360807 0.069708 -0.000388736
47 134.127 9.26273 -0.290253 0.0659532 -0.000298823
48 163.666 6.39008 -0.0989071 0.0603655 -0.00024517
49 129.742 20.3139 -1.63338 0.129272 -0.00136449
50 95.3343 17.8606 -1.34978 0.115022 -0.00113335
51 172.447 0.255325 0.524021 0.0325096 0.000247016
52 120.938 19.0743 -1.49822 0.121679 -0.0012154
53 139.559 9.36502 -0.38345 0.069676 -0.000360858
54 175.679 1.76794 0.268793 0.0460546 3.39356e-05
55 121.481 9.67844 -0.52781 0.0754903 -0.000406215
56 178.278 2.62487 0.0634667 0.0551218 -0.000172656
57 153.903 5.85387 -0.0721758 0.0556918 -9.48127e-05
58 145.855 5.71352 -0.300626 0.0752989 -0.000549014
59 141.991 9.40237 -0.501639 0.0792277 -0.000560541
60 172.954 4.51001 -0.00648488 0.0606359 -0.000255186
61 135.085 5.53331 -0.0160009 0.0541601 -0.000116844
62 134.291 6.31704 -0.215023 0.0699717 -0.0004634
63 135.494 11.1207 -0.708426 0.0909589 -0.000889981
64 104.652 4.88329 0.372944 0.0238328 0.000479218
65 67.468 9.3104 -0.186845 0.0516276 2.26124e-05
66 117.351 -12.2683 2.41512 -0.0760192 0.00223534
67 139.64 -7.91667 1.65014 -0.0279338 0.00125249
68 110.995 -0.636764 0.824547 0.0128344 0.000549742
69 126.139 -1.88102 1.0214 -0.00163929 0.000863633
70 111.225 -3.99293 1.34037 -0.0172272 0.00111402
71 111.507 5.52341 0.225793 0.037762 0.000121629
72 107.687 0.952322 0.66771 0.0170857 0.000468638
73 57.5518 13.4997 -0.723751 0.0812591 -0.000584827
74 75.2439 8.29416 -0.0406781 0.0457368 2.24223e-05
75 88.118 6.63634 0.10078 0.0377048 0.000194865
76 87.6981 4.5506 0.413168 0.0231395 0.00044035
77 105.078 1.32685 0.660583 0.0157236 0.000471416
78 73.8828 15.3934 -1.11829 0.104024 -0.00104922
79 86.4339 8.96049 -0.2575 0.0592856 -0.000191834
80 72.814 12.9356 -0.995506 0.104548 -0.00110286
81 59.1742 10.7423 -0.673787 0.0864981 -0.000792653
82 79.7521 3.59629 0.239499 0.0416024 4.86367e-06
83 61.9881 18.0985 -1.55854 0.132915 -0.00164605
84 74.7473 14.7531 -1.35945 0.131322 -0.00169927
85 91.8011 8.48589 -0.283228 0.0660258 -0.000348233
86 72.644 15.3618 -1.34079 0.126826 -0.00156108
87 56.9514 16.0559 -1.40766 0.12938 -0.00157951
88 74.1425 12.8258 -1.05019 0.112221 -0.00131562
89 109.877 7.68529 -0.319859 0.071434 -0.000519427
90 58.36 20.5325 -1.81699 0.140129 -0.00169372
91 70.814 7.6596 -0.398749 0.0789214 -0.000738006
92 89.7852 3.92012 0.280986 0.0360559 0.000174126
93 78.1289 13.4988 -0.971034 0.100711 -0.000947796
94 115.514 3.00816 0.343317 0.0308226 0.000297094
