0 13.2344 21.8859 -1.19995 0.0920912 -0.000469433
1 -28.6661 17.3321 -0.544536 0.051315 0.000432099
2 9.1949 18.5777 -0.901406 0.0813512 -0.000363069
3 32.9276 18.0425 -0.798297 0.0786628 -0.000372789
4 -9.63006 22.7645 -1.29207 0.0969797 -0.000550832
5 54.8003 -2.06462 1.68906 -0.0508425 0.00195928
6 -30.6435 11.2193 0.247997 0.0156069 0.000835767
7 -26.8293 25.317 -1.74497 0.125772 -0.00121275
8 -11.7544 17.3161 -0.611002 0.0605358 6.09978e-05
9 -4.27172 13.8984 -0.176523 0.0349101 0.000604084
10 -17.0071 23.4374 -1.52818 0.112917 -0.000954314
11 -8.73118 4.98495 0.953487 -0.0203735 0.00154639
12 -6.40426 18.0946 -0.879698 0.0787708 -0.000324598
13 -2.4379 15 -0.363253 0.0487773 0.000291646
14 7.95417 4.72506 0.950358 -0.0221595 0.00160122
15 48.5103 -1.73006 1.70281 -0.0559396 0.00209262
16 -37.253 26.5306 -1.80507 0.119247 -0.000937335
17 2.99986 11.1095 0.0278984 0.0303176 0.000516881
18 -27.158 25.1861 -1.68592 0.118241 -0.00108123
19 -35.7562 26.1056 -1.77194 0.122086 -0.00107919
20 -46.2984 34.2448 -2.77513 0.169837 -0.00180392
21 -34.0183 31.4754 -2.35123 0.145015 -0.00139065
22 -64.4752 36.9814 -3.17449 0.193239 -0.00237259
23 -44.9187 34.74 -2.89422 0.179415 -0.00216387
24 -34.843 31.1035 -2.31974 0.142465 -0.00134886
25 -88.112 39.0234 -3.26193 0.188757 -0.00214503
26 -49.923 26.7792 -2.08385 0.139838 -0.00143575
27 -41.4008 30.1598 -2.40274 0.155317 -0.00167647
28 -75.8081 34.8593 -2.87996 0.172028 -0.00195547
29 -41.8714 27.3327 -1.95898 0.127301 -0.00118183
30 -24.0051 31.3074 -2.81436 0.184025 -0.00232198
31 -29.3045 34.1201 -2.73098 0.165323 -0.00180442
32 3.2059 15.3794 -0.528553 0.0630079 -3.77068e-05
33 -13.8445 11.3084 -0.415439 0.0761045 -0.000519753
34 22.3212 13.8978 -0.687169 0.0889806 -0.000644357
35 33.9376 -0.787107 1.44701 -0.0328404 0.00161301
36 8.63267 10.3645 -0.268416 0.0635795 -0.000235918
37 97.7085 -12.6275 2.59886 -0.0798268 0.00229837
38 -13.7248 10.9602 -0.174662 0.0532814 -5.01565e-05
39 61.7576 -3.73454 1.60323 -0.0345001 0.00149601
40 7.13064 16.7452 -0.95105 0.0946297 -0.00078842
41 3.54598 7.11869 0.408378 0.0196029 0.00060304
42 32.3434 10.4772 -0.0902444 0.048945 6.75805e-05
43 5.15601 6.80842 0.408078 0.0214638 0.00056194
44 29.0981 10.581 -0.33087 0.0686431 -0.000364573
45 31.0766 2.36976 0.834911 0.00338186 0.000809432
46 25.4235 -0.641196 0.951345 0.00267934 0.00077621
47 12.3729 17.3933 -0.861763 0.0795068 -0.000348528
48 5.65742 18.3531 -1.09822 0.0982904 -0.000719253
49 -33.2837 26.6667 -2.24531 0.160788 -0.00191509
50 52.5279 8.04175 -0.179368 0.0635852 -0.000253077
51 34.1239 4.52915 0.23965 0.0425626 8.65732e-05
52 76.2771 0.761834 0.729161 0.0136325 0.000736946
53 88.9672 1.45134 0.362326 0.0384273 0.00017471
54 42.0536 7.7723 -0.30263 0.0739652 -0.00043238
55 12.874 14.4498 -0.897397 0.0938171 -0.000725923
56 56.4785 7.00501 -0.412432 0.0828294 -0.000695703
57 73.4386 1.08429 0.413548 0.0364656 0.00017148
58 36.2262 5.97253 -0.208205 0.0685187 -0.000408098
59 43.4202 9.58414 -0.504108 0.0849492 -0.000685154
60 33.9093 4.86411 0.00445304 0.0616414 -0.000332678
61 58.4339 8.23538 -0.39005 0.0788017 -0.000594046
62 31.061 9.03892 -0.417687 0.0777864 -0.000553615
63 -7.8243 24.0637 -2.00138 0.148111 -0.00171328
64 137.082 -8.78411 2.11933 -0.0595898 0.00205039
65 74.056 9.1594 0.0699182 0.0380704 0.000358772
66 127.56 -2.18619 1.48238 -0.0343251 0.00162118
67 56.8937 9.24554 0.109039 0.0341417 0.000363785
68 67.3791 10.6071 0.133153 0.0256906 0.000678427
69 113.904 0.0700033 1.12772 -0.0105035 0.00113908
70 76.0789 18.2837 -0.935634 0.0823442 -0.000335535
71 54.4256 9.84439 0.0583633 0.0356491 0.000429278
72 103.13 2.94783 0.823017 -0.00159558 0.00103142
73 71.3864 9.36047 0.201117 0.0244329 0.000675068
74 116.31 -3.65373 1.52041 -0.0338559 0.00157923
75 93.8965 6.36158 0.426026 0.0221134 0.000542557
76 112.634 4.30909 0.705428 0.00652707 0.000851181
77 101.272 2.66741 0.84292 -0.00109005 0.00099031
78 35.6997 21.9274 -1.37766 0.102987 -0.000776431
79 59.6069 9.68404 0.10437 0.0292711 0.000579509
80 -37.032 49.9219 -5.11835 0.293792 -0.0040655
81 82.0428 13.2736 -0.706806 0.0823417 -0.000605281
82 69.9872 11.7493 -0.574567 0.0780184 -0.0005264
83 64.568 16.0009 -0.710441 0.0703559 -0.000221297
84 93.9565 13.2113 -0.731728 0.0862885 -0.000671464
85 100.248 3.10501 0.375316 0.0368745 0.000163099
86 34.791 18.9153 -1.20147 0.102561 -0.000839676
87 65.8929 9.0877 -0.148563 0.0516302 0.000155465
88 103.894 6.74677 0.113925 0.0406379 0.000214886
89 78.2748 17.3702 -1.21686 0.110409 -0.00109371
90 47.9789 19.5545 -1.31038 0.105648 -0.000909517
91 114.004 10.5546 -0.144068 0.0462412 0.000185782
92 74.9658 14.3141 -0.720303 0.0785537 -0.000447874
93 103.343 5.70422 0.168132 0.0404204 0.000154511
94 71.1295 20.2438 -1.45352 0.118606 -0.00114615
