0 121.964 0.346214 0.950575 0.00118299 0.000960941
1 165.232 -14.9513 2.82066 -0.0939381 0.00262735
2 120.839 2.006 0.610822 0.0232239 0.000470695
3 118.914 -1.76291 1.14704 -0.00724549 0.00105258
4 114.609 2.93573 0.896753 -0.00763358 0.00121722
5 81.8966 7.4212 0.0214962 0.0494808 -5.29922e-05
6 98.4243 4.03534 0.463532 0.0260898 0.000443766
7 88.4058 10.005 -0.0445679 0.0451667 0.000117782
8 79.2383 11.2716 -0.480822 0.076126 -0.000513991
9 130.948 2.41749 0.243046 0.0540197 -0.000332991
10 127.213 4.72323 0.30488 0.0349147 0.000332006
11 109.5 5.28754 0.283448 0.0353203 0.000230957
12 95.3809 7.65646 -0.0356628 0.052133 -7.88702e-05
13 118.483 4.95159 0.173204 0.0452943 -2.64658e-05
14 84.1994 7.25638 0.08699 0.0426907 0.000182572
15 79.9141 16.0242 -1.06871 0.101652 -0.000948241
16 105.118 12.838 -0.866413 0.0991616 -0.000970852
17 97.5311 5.50068 0.158879 0.0417503 0.000141804
18 94.768 3.67576 0.482409 0.0224022 0.000518504
19 91.6432 9.94895 -0.6081 0.0906958 -0.000859301
20 96.6501 8.5053 -0.172936 0.0539459 -8.71528e-05
21 150.753 2.7579 0.391248 0.0339823 0.000244486
22 87.2125 9.02718 -0.347339 0.068523 -0.000370464
23 100.205 16.8227 -1.48841 0.134848 -0.00166619
24 109.562 3.54806 0.203337 0.0433905 6.56735e-05
25 30.0699 25.7786 -2.24404 0.159344 -0.00196043
26 95.9171 17.4963 -1.20071 0.102467 -0.000886516
27 102.848 5.18555 0.0372919 0.0536171 -0.000178741
28 141.758 -3.31335 1.16239 -0.00791269 0.00104143
29 59.5094 20.3998 -1.40463 0.109807 -0.000973712
30 97.1891 11.4118 -0.689173 0.0883873 -0.000760197
31 118.952 5.62837 -0.0765455 0.0596991 -0.00028854
32 104.229 -14.2153 2.67097 -0.0841518 0.00237337
33 46.9301 -1.74711 1.03686 0.00340765 0.00067975
34 83.4186 0.026574 0.805343 0.0188725 0.000397792
35 70.5225 -5.79489 1.3376 -0.00154133 0.00067186
36 97.1717 -11.1766 1.9093 -0.0307293 0.00111204
37 44.6791 -1.66263 1.04045 -0.00101317 0.000825909
38 51.9899 3.43786 0.429248 0.0308765 0.000246409
39 68.0033 -6.85629 1.6452 -0.0273322 0.00118897
40 85.9639 -12.1108 2.15607 -0.0480579 0.00152778
41 60.5549 -1.17503 0.835216 0.0160005 0.000433613
42 97.8196 -16.551 2.51057 -0.0592811 0.00165572
43 91.9108 -10.2956 1.7117 -0.0184685 0.000928265
44 90.1556 -7.26759 1.45191 -0.0126679 0.000926284
45 73.1248 -7.30858 1.4773 -0.0112758 0.000881989
46 47.1073 6.37108 -0.110671 0.062731 -0.000409937
47 81.4406 -2.02469 0.815569 0.0167001 0.000387541
48 57.1105 4.15862 -0.0592962 0.0670705 -0.000531327
49 91.6469 -3.01009 0.84809 0.0176726 0.000334635
50 74.4653 1.27084 0.392459 0.0413993 -6.39129e-05
51 77.2658 -6.30811 1.20812 0.00237998 0.000590653
52 107.006 -10.1625 1.51616 -0.00737587 0.00064481
53 94.7525 0.569946 0.386435 0.0437902 -0.000154786
54 97.5012 -4.86345 0.981437 0.0132084 0.000400134
55 61.0726 0.593683 0.234512 0.0532624 -0.000306481
56 102.22 -2.12977 0.513038 0.0393847 -0.000115826
57 66.1116 3.68296 0.0319106 0.0600546 -0.000412442
58 127.927 -6.5955 0.944852 0.0219564 0.000154331
59 61.769 4.61766 0.135723 0.0458828 -7.5452e-05
60 90.0537 -0.337788 0.512111 0.0379845 -3.72309e-05
61 64.7481 6.06682 -0.13071 0.0635811 -0.000379076
62 82.4136 0.0848987 0.440779 0.0410404 -6.09939e-05
63 63.8868 7.36993 -0.451485 0.0842189 -0.000881282
64 140.874 -15.3805 2.3058 -0.0500996 0.00153615
65 117.859 -4.37647 1.21451 -0.00579322 0.000893827
66 156.712 -9.99487 2.00399 -0.0455715 0.001572
67 130.607 -2.68234 1.05732 -0.00338926 0.000883617
68 134.444 -11.7915 2.079 -0.047327 0.00161782
69 112.564 -3.47383 1.19276 -0.0120667 0.00110846
70 128.139 -4.45692 1.22769 -0.0064329 0.000805376
71 94.2031 4.02087 0.309683 0.0361636 0.000131544
72 102.957 -0.586892 0.559064 0.0334552 6.60335e-05
73 123.573 -5.79597 1.37667 -0.0137115 0.00100119
74 108.805 -7.1396 1.4712 -0.0199547 0.00111422
75 118.478 -3.50877 0.951789 0.0119458 0.000500609
76 112.969 -1.86256 0.847353 0.0169461 0.000403501
77 126.698 -10.3959 1.71632 -0.0250333 0.00113268
78 91.296 0.848824 0.45687 0.0340228 6.51558e-05
79 122.116 1.19783 0.42845 0.0357632 2.28804e-05
80 140.369 -10.343 1.74143 -0.0271335 0.00116952
81 110.245 6.44905 -0.41191 0.0852087 -0.00091363
82 56.53 6.09387 0.0611626 0.0436967 9.0296e-05
83 135.585 -5.48859 1.3171 -0.0130614 0.00102786
84 104.28 7.02635 -0.294669 0.072894 -0.000510569
85 43.1575 19.0055 -1.51431 0.126946 -0.00142637
86 78.9461 9.35989 -0.428571 0.0746885 -0.000458175
87 75.2625 3.68972 0.369877 0.0312001 0.000294213
88 118.239 -6.45079 1.11844 0.00881112 0.000463868
89 85.4789 1.56623 0.370882 0.0351645 0.000132537
90 136.241 -2.79287 0.991558 0.001407 0.000779356
91 111.939 0.282089 0.536819 0.0340253 0.000131901
92 128.208 1.16694 0.396158 0.0414393 4.17488e-05
93 60.2493 13.5933 -1.20469 0.123692 -0.00151977
94 108.316 1.08591 0.393494 0.0349669 0.00017442
