0 127.787 -4.99904 1.58773 -0.0288941 0.00166952
1 177.727 -16.438 2.92544 -0.09237 0.00275304
2 51.0494 20.9767 -1.70099 0.14757 -0.00182504
3 75.8843 13.6329 -0.505749 0.0747433 -0.000257488
4 87.0502 12.9673 -0.588037 0.0852391 -0.000645514
5 114.146 6.63867 0.0145046 0.0631289 -0.000291525
6 159.931 -0.0792561 0.744313 0.0264463 0.000364854
7 141.804 0.875662 0.623396 0.0344377 0.00018235
8 159.656 -1.12584 0.99282 0.00658125 0.000791196
9 146.852 0.876692 0.562772 0.0378136 9.44248e-05
10 147.69 -4.83785 1.09605 0.0190417 0.000307432
11 150.038 -1.60098 1.13805 -0.00240767 0.00104537
12 104.416 14.5138 -1.30869 0.139814 -0.0017834
13 146.4 11.7495 -0.890656 0.11536 -0.00129747
14 157.988 -7.47693 1.75784 -0.0373208 0.00176456
15 153.345 -6.79987 1.68218 -0.0263017 0.00145686
16 146.551 0.329367 0.744553 0.0190572 0.000622856
17 91.1006 20.2014 -1.27663 0.106452 -0.000807801
18 64.4602 23.6702 -2.06828 0.161996 -0.00183884
19 109.233 4.08712 0.254804 0.0432266 0.000228781
20 132.996 2.67462 0.244068 0.0478727 9.93564e-05
21 105.041 11.0312 -0.383717 0.0704921 -0.000226662
22 92.2392 17.6793 -1.55705 0.141847 -0.00168283
23 145.708 -8.40784 1.91277 -0.0500133 0.00208478
24 161.327 2.84325 0.127566 0.0626891 -0.000358345
25 101.918 15.6382 -1.22276 0.123455 -0.00137596
26 107.256 7.4049 0.080228 0.043174 0.000306059
27 94.8961 17.8097 -1.42949 0.131799 -0.00146611
28 98.084 7.76312 -0.288303 0.0744401 -0.000405912
29 79.143 18.3179 -1.28471 0.112784 -0.00101846
30 159.118 -1.42153 0.735339 0.0274349 0.000323749
31 117.873 5.27358 0.0334842 0.0572978 -0.000195407
32 106.838 2.43288 0.831063 0.00113177 0.00103752
33 79.1656 15.5617 -0.837131 0.0884982 -0.000691112
34 99.9928 2.63223 0.717044 0.00701479 0.000910324
35 57.1516 9.57543 0.179958 0.0218161 0.000718835
36 113.828 4.96149 0.230408 0.0424479 0.00015952
37 107.128 -0.856652 0.807777 0.0181423 0.000525976
38 56.5173 10.1819 -0.278058 0.0617053 -9.69469e-05
39 82.6948 13.1285 -0.537022 0.07476 -0.000398345
40 114.612 -0.0768399 0.873865 0.00560457 0.000791315
41 80.2253 7.06204 0.000793731 0.0484563 5.66751e-05
42 91.0772 9.82904 -0.358556 0.0716266 -0.000495735
43 68.1361 15.4911 -0.815726 0.0824363 -0.000468807
44 55.5063 26.3386 -2.27215 0.159333 -0.00194693
45 92.5436 4.8961 0.107319 0.048784 -8.30912e-06
46 79.6205 19.2964 -1.35721 0.111505 -0.00106038
47 58.788 25.5139 -2.27665 0.16449 -0.00212531
48 80.9431 15.6423 -1.355 0.126361 -0.0014932
49 26.8177 25.2203 -2.12799 0.149242 -0.00160883
50 108.874 6.8809 -0.4742 0.0912531 -0.00101982
51 111.389 4.83648 -0.000972559 0.0551898 -0.000200247
52 105.644 5.63933 -0.265298 0.0772371 -0.000681613
53 96.6901 5.50408 -0.133823 0.0630152 -0.000274676
54 89.0592 15.2664 -1.38349 0.131252 -0.00157494
55 139.975 -0.608901 0.613559 0.0233588 0.000424325
56 91.903 12.8284 -1.10141 0.113852 -0.0012453
57 110.903 6.77909 -0.288811 0.0715728 -0.000476224
58 73.5146 20.8717 -2.01037 0.156372 -0.00198216
59 100.945 13.3592 -1.03358 0.108004 -0.00106577
60 75.2356 11.8149 -0.890642 0.100186 -0.000933442
61 103.999 11.2875 -1.01237 0.113903 -0.00128046
62 68.7005 17.7622 -1.53388 0.126814 -0.00141779
63 57.7068 21.186 -1.84212 0.137451 -0.00155502
64 118.527 -12.0223 2.01785 -0.0422505 0.00156723
65 69.7833 1.39864 0.498356 0.0284739 0.000407726
66 77.0533 2.61635 0.281517 0.0478301 -6.6509e-05
67 48.0917 10.8901 -0.723091 0.0947469 -0.000902979
68 72.8204 -2.07237 0.834794 0.0230947 0.000325234
69 42.2201 7.30733 0.0543459 0.0459254 0.000103764
70 72.8771 -1.34305 0.783752 0.0203698 0.000436086
71 65.6363 -0.462981 0.808217 0.0160351 0.000524917
72 63.2045 0.650134 0.476325 0.0378475 7.92562e-05
73 75.1929 4.45103 0.0403324 0.0579011 -0.00030007
74 132.135 -9.33357 1.64982 -0.0205291 0.00103239
75 91.3258 -1.6874 0.709348 0.0257356 0.000259201
76 119.719 -10.5821 1.82092 -0.027799 0.00120255
77 49.0829 8.79873 -0.483228 0.0832644 -0.000741544
78 81.7415 -8.60736 1.57739 -0.0165002 0.00104758
79 43.9363 7.68146 -0.135569 0.0597501 -0.000125169
80 40.8901 13.4672 -1.00653 0.109689 -0.0011525
81 60.2609 11.949 -0.878455 0.110663 -0.0013259
82 38.5478 9.89885 -0.468553 0.0777949 -0.00053902
83 87.1244 -3.29371 0.953401 0.0150893 0.000405083
84 70.4603 8.22324 -0.435129 0.0853688 -0.00084168
85 86.2335 -7.24411 1.41906 -0.00880872 0.00093808
86 101.787 -7.32461 1.38047 -0.00233847 0.000718406
87 100.973 -3.98991 1.18265 -0.00462815 0.000905744
88 108.274 -14.9496 2.53187 -0.0743076 0.00224497
89 6.37855 27.6441 -2.7079 0.196511 -0.00277793
90 63.2767 13.6484 -1.0519 0.115591 -0.00129352
91 48.8522 10.1752 -0.455428 0.080965 -0.000665757
92 38.6519 16.146 -1.31249 0.126987 -0.00148835
93 85.541 -4.60032 1.177 0.00104758 0.000740655
94 44.2459 12.8474 -1.0949 0.127488 -0.0017072
