0 -8.74252 21.8638 -1.20747 0.0968173 -0.000560923
1 34.5361 10.0288 0.336651 0.0141121 0.000951685
2 -3.78022 28.0204 -2.27096 0.167804 -0.00210709
3 10.0788 8.56939 0.555877 0.00301283 0.00118988
4 40.5242 2.78625 1.16525 -0.0266265 0.00167258
5 34.734 8.24267 0.298159 0.0302827 0.000354194
6 -37.3967 27.0464 -1.94021 0.13565 -0.00128974
7 3.81412 18.6795 -0.790257 0.071562 -5.26412e-05
8 43.9786 6.61865 0.26672 0.0332972 0.000319239
9 31.563 15.7881 -0.371269 0.0470872 0.000436124
10 -13.2567 34.1184 -2.88152 0.187917 -0.00234008
11 -35.9121 32.9377 -2.66745 0.170589 -0.00197219
12 -4.83756 31.3481 -2.63378 0.174728 -0.00209619
13 -10.1382 25.4904 -1.68135 0.115672 -0.000952033
14 18.8113 26.1072 -2.45659 0.183962 -0.00250052
15 -11.8202 29.2983 -2.29903 0.151134 -0.00152564
16 -17.4189 36.0507 -3.06422 0.185191 -0.00211323
17 -42.0419 35.8265 -3.0663 0.188601 -0.00219887
18 9.4233 28.2126 -2.40126 0.166737 -0.00201253
19 -24.7332 32.291 -2.65914 0.16986 -0.00195849
20 -15.3745 35.14 -3.20287 0.195345 -0.00227545
21 -37.9249 43.8899 -4.65851 0.290659 -0.00437145
22 13.4997 23.8681 -1.82525 0.130179 -0.00119016
23 -28.8802 32.8306 -3.52731 0.242379 -0.00365633
24 42.4263 13.3437 -0.881286 0.0956757 -0.000818763
25 45.587 27.4712 -2.69071 0.19287 -0.00262083
26 9.52323 26.7541 -2.55012 0.182252 -0.00237857
27 -6.64571 33.5192 -3.0547 0.193817 -0.00237545
28 -42.1692 33.9498 -3.24112 0.209805 -0.00274513
29 0.660971 22.9327 -1.38967 0.0956842 -0.000422555
30 -65.7855 47.0606 -4.94688 0.302703 -0.00452095
31 -16.8637 30.4448 -2.38695 0.152204 -0.00165128
32 60.8018 20.0195 -0.91658 0.079145 -0.00014873
33 34.5804 15.78 -0.407935 0.0602196 7.39791e-05
34 86.8689 17.23 -1.06773 0.103878 -0.000751461
35 89.2613 3.33184 0.788098 0.00577861 0.000965227
36 27.267 26.7825 -2.08374 0.152617 -0.00164853
37 22.3073 28.4359 -2.15589 0.147005 -0.00134723
38 50.1374 20.538 -1.16158 0.0983792 -0.000627959
39 40.0404 28.8327 -2.65629 0.196572 -0.00266196
40 65.5776 12.9837 -0.282456 0.0542186 0.000221784
41 38.9721 17.2093 -0.664508 0.0683316 -5.13812e-06
42 30.9607 30.1177 -2.19201 0.13651 -0.00104773
43 19.3059 31.5704 -2.60274 0.171244 -0.00185182
44 20.6939 33.3441 -2.82734 0.180323 -0.00206778
45 4.18572 29.4726 -2.29401 0.152146 -0.00158807
46 3.02345 34.4982 -3.05173 0.196968 -0.00243317
47 14.9387 28.4126 -2.28252 0.158474 -0.00181165
48 68.1543 24.3117 -2.17684 0.168976 -0.00219144
49 9.62321 30.6058 -2.44128 0.162059 -0.00180048
50 45.0376 27.3292 -2.29026 0.163143 -0.0019416
51 70.9233 17.1982 -0.902104 0.0871838 -0.000441162
52 40.4401 25.0196 -2.22678 0.163305 -0.00192591
53 19.6696 30.1819 -2.52377 0.166188 -0.00176929
54 5.18594 37.1746 -3.46054 0.217583 -0.00279374
55 33.9396 32.1326 -2.70191 0.174838 -0.00196827
56 45.3638 22.5479 -1.65757 0.12174 -0.00101803
57 -2.43342 32.8842 -2.5723 0.159935 -0.00157565
58 24.44 29.5164 -2.47851 0.161126 -0.00168913
59 -8.38904 37.0147 -3.12141 0.188069 -0.00210585
60 42.3377 27.362 -2.4914 0.176639 -0.00217395
61 71.3539 22.2216 -1.99867 0.158327 -0.00194721
62 96.7919 7.92437 -0.429001 0.0827956 -0.000561589
63 55.5441 20.4751 -1.64202 0.132381 -0.00137726
64 33.0884 12.416 -0.91117 0.108729 -0.00112479
65 -12.3811 26.6235 -2.21744 0.154763 -0.00174526
66 63.8283 8.16419 -0.23174 0.0660913 -0.000303735
67 -18.3683 27.415 -2.20811 0.146557 -0.00145147
68 -24.2317 28.955 -2.13622 0.139075 -0.00128866
69 -42.2994 32.9666 -2.86308 0.185718 -0.00232686
70 -40.3238 35.1352 -3.37621 0.219264 -0.00305495
71 19.5986 18.1288 -1.15419 0.101496 -0.000788767
72 -4.7288 23.7075 -1.99881 0.150168 -0.00173489
73 22.0401 17.3092 -1.16704 0.106586 -0.000910677
74 18.1383 25.6523 -2.24566 0.162363 -0.00200387
75 18.1916 18.9862 -1.35364 0.113283 -0.00100059
76 53.7927 13.4229 -0.838278 0.0961972 -0.000760685
77 -24.5081 26.5684 -2.22453 0.157099 -0.0018122
78 6.76338 21.1127 -1.57404 0.120925 -0.00112038
79 35.3242 14.0635 -0.732246 0.08387 -0.000528959
80 -4.77234 19.9485 -1.32651 0.105725 -0.00083894
81 -95.4713 48.444 -4.84279 0.285772 -0.00399623
82 15.5018 14.8794 -0.674096 0.0730974 -0.00022894
83 -16.8552 28.3697 -2.32161 0.15564 -0.00170203
84 -31.3311 29.2692 -2.45294 0.168471 -0.00197531
85 -9.02012 25.2052 -1.83936 0.128323 -0.00114397
86 -10.3595 30.6156 -2.75839 0.189181 -0.00246224
87 29.7779 17.4427 -1.23359 0.10964 -0.000977688
88 -51.1044 34.6487 -2.91649 0.180295 -0.00203109
89 23.8925 22.9095 -2.01382 0.162366 -0.00210812
90 -26.6926 33.394 -2.9122 0.18911 -0.00239503
91 -51.5711 38.5516 -3.71009 0.232584 -0.00312914
92 57.3027 13.7561 -0.869228 0.0985326 -0.000888719
93 25.5636 24.7748 -2.24602 0.170799 -0.002226
94 25.9168 22.9322 -2.10753 0.164662 -0.00206711
