0 -9.00933 11.5371 -0.26744 0.0614628 -0.000250045
1 -73.1587 33.8091 -2.96007 0.19443 -0.00247568
2 -36.163 21.3706 -1.30284 0.105237 -0.000849566
3 40.6819 6.82334 0.327139 0.0260127 0.000563684
4 20.1443 14.6857 -0.752686 0.0853338 -0.000614638
5 -19.4786 18.5719 -0.9872 0.0868832 -0.000580706
6 -16.5134 16.4049 -0.599363 0.0617226 -3.02699e-05
7 28.1456 1.90453 0.714767 0.00969457 0.000764648
8 -12.6143 19.2049 -1.13538 0.0949809 -0.000629515
9 -48.4727 29.3742 -2.3707 0.15728 -0.00181482
10 10.7831 10.256 -0.403717 0.0725565 -0.000531811
11 -30.2514 23.0084 -1.72483 0.130506 -0.00145716
12 -31.63 21.4839 -1.34411 0.103028 -0.000830986
13 27.3907 7.58635 -0.0414059 0.051238 -5.64342e-05
14 -12.6495 12.8444 -0.666575 0.0815531 -0.000608609
15 56.5002 -3.69002 1.10695 -2.41725e-05 0.00073989
16 -7.7462 17.4468 -0.930779 0.0785449 -0.000289409
17 10.5178 10.2961 -0.292265 0.0568987 -8.18582e-05
18 -17.638 18.7273 -1.39594 0.118227 -0.00124794
19 22.3949 14.7854 -1.01559 0.104378 -0.00105344
20 9.6734 24.1066 -1.95704 0.140445 -0.00155787
21 16.6558 15.4249 -1.08963 0.10522 -0.000985988
22 -12.8277 22.1436 -1.75038 0.130136 -0.00140563
23 -63.8627 32.787 -2.72799 0.16951 -0.00196148
24 2.53082 17.2626 -1.2318 0.108124 -0.00103482
25 -17.4786 18.9893 -1.21279 0.0963045 -0.000725187
26 -33.7794 36.7457 -3.42145 0.210873 -0.00271841
27 -19.514 20.433 -1.44435 0.112244 -0.00103188
28 -44.9792 32.9335 -3.12208 0.20266 -0.00271776
29 -40.4158 31.7737 -2.82096 0.180749 -0.00227578
30 -31.0836 27.8958 -2.43709 0.163157 -0.00196329
31 -40.3354 29.2437 -2.62596 0.172029 -0.00216505
32 15.5204 7.05935 0.473872 0.0186223 0.000686005
33 33.8637 3.73789 0.52195 0.0296056 0.000254765
34 52.0632 -4.83638 1.73127 -0.038062 0.00157846
35 11.0285 7.90605 0.173127 0.0395536 0.0002478
36 39.2804 -4.56795 1.53829 -0.0259939 0.00132061
37 40.1043 6.1938 0.306128 0.0361787 0.000278705
38 12.494 7.43032 0.213467 0.0378559 0.000263686
39 37.6788 4.56352 0.35347 0.0411794 9.01091e-05
40 48.6604 0.761626 1.0552 -0.00747553 0.00103092
41 51.6018 -4.47138 1.50443 -0.0255431 0.00133736
42 41.0666 3.78273 0.278931 0.0461973 -0.000120915
43 59.5907 2.29924 0.582586 0.0261752 0.000345684
44 47.7447 0.012222 0.819377 0.0107482 0.000646944
45 14.4416 12.8935 -0.532133 0.0730734 -0.000307248
46 61.285 6.13685 0.0406452 0.0532263 -9.96219e-05
47 69.8891 -3.761 1.13843 -0.000920851 0.000802888
48 22.5416 5.22188 0.143256 0.0476094 -2.67096e-05
49 12.519 5.49688 0.281703 0.0366193 0.000243903
50 40.518 5.62454 0.00463672 0.0571455 -0.000191618
51 37.0904 12.3332 -0.778024 0.0944637 -0.000808705
52 45.7924 3.60316 0.318527 0.0379265 0.000176064
53 19.453 8.10998 -0.204951 0.0619859 -0.000163966
54 46.1776 9.11443 -0.489672 0.0829012 -0.000710863
55 77.5682 0.68657 0.545494 0.0309069 0.000235904
56 21.8943 9.37733 -0.397408 0.0686118 -0.000316972
57 44.4856 11.2102 -0.6724 0.0890968 -0.000725347
58 31.3304 6.73679 -0.225034 0.066241 -0.0003735
59 55.9649 2.27521 0.168073 0.0562091 -0.000259613
60 19.7352 11.8383 -0.754519 0.0944203 -0.000821849
61 11.5597 14.0458 -1.00102 0.108915 -0.00111667
62 18.7158 10.0406 -0.510398 0.0810412 -0.000608884
63 31.5748 11.2682 -0.561963 0.0790693 -0.000506733
64 156.26 -4.25863 1.25651 -0.00843669 0.000930004
65 173.426 -12.9942 2.32707 -0.0664291 0.00199945
66 164.71 -8.55366 1.9234 -0.0445173 0.00164084
67 142.477 5.76591 0.396417 0.0186805 0.000666287
68 105.103 18.731 -1.09696 0.0854376 -0.000539207
69 97.1743 14.4699 -0.142264 0.0199283 0.000867573
70 128.836 2.59683 0.725108 0.00595848 0.00074028
71 103.015 12.21 -0.46593 0.0660553 -0.000276667
72 119.14 1.43357 0.800769 0.00277205 0.000846987
73 151.898 3.82291 0.508721 0.0114384 0.000739136
74 146.741 -0.531851 0.705983 0.0184013 0.000429564
75 136.719 8.04433 -0.156461 0.0571798 -0.000219046
76 137.611 4.31984 0.395261 0.0253786 0.000424871
77 148.695 4.25738 0.278252 0.0336749 0.000202739
78 163.621 -6.14117 1.33451 -0.0150565 0.00100244
79 129.124 4.7912 0.306627 0.0313155 0.000301636
80 75.4901 21.313 -1.81816 0.140302 -0.00164682
81 83.2726 24.01 -1.88959 0.132963 -0.00138311
82 101.267 10.552 -0.379207 0.06424 -0.000332302
83 81.8727 21.0497 -1.74628 0.135834 -0.0015633
84 69.0936 23.9677 -1.79338 0.125051 -0.00121807
85 81.8383 23.2783 -1.95447 0.143083 -0.00165941
86 62.8707 21.5281 -1.79623 0.138626 -0.00168014
87 99.3183 19.9558 -1.47335 0.11542 -0.0011741
88 95.8552 12.8684 -0.619194 0.070364 -0.000298364
89 52.7292 21.8542 -1.68104 0.122815 -0.00129502
90 83.8581 13.4161 -0.663637 0.0712409 -0.000287452
91 70.07 18.5644 -1.09728 0.0886151 -0.000568033
92 87.1104 24.1151 -2.1003 0.151113 -0.0017754
93 88.9108 21.3655 -1.58895 0.120672 -0.00123953
94 88.1742 27.0745 -2.45145 0.171871 -0.00221874
