0 -6.61214 27.018 -2.22115 0.161862 -0.00205425
1 -34.0858 31.1441 -2.81321 0.198701 -0.00286665
2 -36.8984 21.8803 -1.46207 0.116506 -0.00112934
3 22.8754 12.0823 -0.277232 0.058136 -0.000143591
4 -59.0979 37.7361 -3.43043 0.21448 -0.00277995
5 -27.9994 22.3719 -1.45763 0.111943 -0.000962056
6 -50.8255 29.2986 -2.22567 0.149254 -0.0016338
7 -23.6016 23.3408 -1.61271 0.120146 -0.00114546
8 -41.2533 35.8264 -3.44239 0.225109 -0.0031942
9 23.1521 -0.238372 1.60818 -0.0624362 0.00247387
10 9.86285 5.26586 0.199288 0.0428448 0.00010209
11 8.90172 21.8953 -1.58258 0.122832 -0.00130956
12 4.43506 13.3852 -0.41929 0.0559352 8.67587e-05
13 -2.71835 19.4894 -1.10988 0.0928184 -0.000717531
14 -24.5501 22.4032 -1.44923 0.10222 -0.000608562
15 -10.5709 25.7717 -2.09406 0.148282 -0.00173577
16 -4.08299 24.3661 -1.89172 0.13508 -0.00140597
17 12.7155 14.4099 -0.645081 0.0666256 -4.52616e-05
18 16.5426 23.7282 -2.10815 0.159186 -0.00197156
19 -5.64581 18.8112 -1.34571 0.114806 -0.0011662
20 24.4459 24.0705 -2.19417 0.163282 -0.00206535
21 -33.7499 24.3787 -1.89408 0.135075 -0.00143041
22 -25.8375 32.9092 -3.00213 0.193132 -0.00253473
23 -4.76995 21.6804 -1.88602 0.143323 -0.00163644
24 1.07424 16.0373 -1.3064 0.118517 -0.0013031
25 -32.703 33.8528 -2.94692 0.178478 -0.00203813
26 -6.56323 26.107 -2.30435 0.162454 -0.00191863
27 -5.2942 27.9376 -2.40433 0.163392 -0.00195016
28 43.2058 9.71752 -0.284541 0.0584295 -8.10951e-05
29 -22.4241 34.724 -3.0427 0.188521 -0.00228875
30 -44.441 32.274 -2.79191 0.17742 -0.00216009
31 -38.9072 37.9455 -3.31282 0.198687 -0.00247753
32 55.0844 -17.1832 2.84797 -0.0877184 0.00234906
33 109.487 -34.3355 4.439 -0.146625 0.0030706
34 182.467 -59.4547 7.24026 -0.279802 0.00534487
35 -5.00755 3.37562 0.67145 0.0107057 0.000731378
36 191.215 -60.3222 6.97513 -0.254202 0.00467978
37 356.265 -109.723 12.0511 -0.476851 0.00822683
38 297.245 -90.2404 9.87143 -0.375763 0.00653385
39 -6.15146 2.93875 0.784941 0.00188012 0.000903217
40 -21.4385 10.5614 -0.407847 0.0711052 -0.000492258
41 192.969 -57.8437 6.51962 -0.231267 0.00433145
42 16.2116 -2.79372 0.942355 0.0133478 0.000465177
43 75.6621 -22.823 2.91252 -0.072939 0.00186025
44 167.851 -53.2717 6.16987 -0.220972 0.00418064
45 88.6472 -27.398 3.55307 -0.10584 0.0024015
46 195.961 -58.984 6.65084 -0.240126 0.0044962
47 -74.4796 28.8174 -2.38182 0.158117 -0.00186017
48 46.6578 -12.1115 1.97983 -0.0393465 0.00132688
49 74.3853 -22.2131 2.99216 -0.0853368 0.00215863
50 392.144 -112.906 11.503 -0.425378 0.00702643
51 -49.7846 23.0087 -2.07212 0.152776 -0.00188942
52 274.372 -79.3855 8.0613 -0.275805 0.00465209
53 130.903 -34.2615 3.94186 -0.115386 0.00239972
54 26.9495 -3.21899 0.863776 0.0162808 0.000413843
55 34.7867 -6.27646 1.05855 0.0128901 0.000400574
56 68.8172 -16.9588 1.90307 -0.0184879 0.000792109
57 32.4334 -3.14642 0.727749 0.0271721 0.000137339
58 60.8834 -14.6812 1.93342 -0.0321512 0.00122559
59 23.7396 0.58347 0.291841 0.0470966 -0.000172517
60 133.125 -39.0826 4.43265 -0.138997 0.00282932
61 -23.8178 17.1473 -1.31348 0.113799 -0.00117187
62 29.5782 -5.30113 0.884167 0.0236081 0.000158279
63 144.828 -40.9246 4.35678 -0.123792 0.00241595
64 35.1146 10.3085 -0.375585 0.0644367 -0.000267937
65 -15.8244 16.2642 -0.957752 0.0889638 -0.000617454
66 63.6179 1.46174 0.577945 0.0260073 0.00029076
67 8.18244 0.340024 0.712768 0.0171199 0.000436473
68 -11.3581 9.63436 -0.259284 0.0596701 -0.000279401
69 31.3502 8.4281 -0.0380874 0.0486505 -1.07433e-05
70 47.4367 1.42959 0.649305 0.0174581 0.000465966
71 -29.2551 14.5063 -0.569799 0.0653452 -0.000215734
72 21.5637 6.85741 0.0602423 0.0441449 2.14368e-05
73 -13.7515 12.0567 -0.489341 0.0676856 -0.000354016
74 4.47793 13.2603 -0.635988 0.0742779 -0.000462396
75 -5.11416 14.4122 -0.788091 0.0841837 -0.000690466
76 -11.2919 13.1988 -0.618502 0.0741918 -0.000428217
77 -14.1159 12.2024 -0.539368 0.072341 -0.000499762
78 -61.8751 26.2766 -2.30091 0.160459 -0.00201886
79 -17.2633 18.0898 -1.24418 0.109197 -0.00113875
80 11.6578 11.7501 -0.498265 0.0635513 -0.000100674
81 -37.3032 19.6436 -1.58794 0.128774 -0.00151549
82 -13.8985 14.0775 -0.602657 0.0692432 -0.000238401
83 -43.348 18.9348 -1.03255 0.0821378 -0.000420624
84 -22.9244 23.5136 -1.80118 0.130992 -0.00140294
85 -30.6935 17.8546 -0.729312 0.0605019 0.000101486
86 -80.2689 37.8625 -3.6732 0.23244 -0.00323572
87 -22.8233 18.6998 -1.33959 0.111836 -0.00111876
88 -14.3335 17.6533 -1.34787 0.117091 -0.0012605
89 -123.044 54.5929 -5.53912 0.316395 -0.00465137
90 17.2455 18.9185 -1.35267 0.112894 -0.00114926
91 -10.8483 17.3262 -1.31477 0.119266 -0.00139619
92 25.2351 15.6111 -1.0012 0.0971246 -0.000827614
93 -26.5686 21.6096 -1.54468 0.118233 -0.00112564
94 -16.4012 17.8234 -1.18533 0.102787 -0.00094846
