0 11.897 20.9722 -1.2301 0.105585 -0.000930922
1 15.5247 12.5831 -0.199233 0.0517985 4.56487e-05
2 69.7086 -3.79183 1.81283 -0.049976 0.00180598
3 44.6274 11.7795 0.117131 0.0225355 0.000749462
4 31.7458 14.3743 -0.286182 0.04942 0.000193651
5 64.8626 1.15945 1.15024 -0.0205099 0.00143297
6 25.8809 18.2832 -0.671525 0.0601968 0.000162276
7 98.4168 -3.50256 1.46131 -0.0227951 0.00115661
8 15.1743 17.2298 -0.967572 0.0946773 -0.000797495
9 25.6458 14.865 -0.770591 0.0892267 -0.000711337
10 59.9798 1.67177 1.19929 -0.0304274 0.00170751
11 36.8807 2.1494 1.13692 -0.0227386 0.00143633
12 102.362 -6.39333 1.55686 -0.0203795 0.00110353
13 31.1006 11.6905 -0.341688 0.059935 -0.00014471
14 5.44437 27.4452 -2.40046 0.168534 -0.00212584
15 66.1703 2.85988 0.692844 0.00965359 0.000767237
16 34.769 18.2766 -1.34745 0.117701 -0.00116423
17 19.7098 17.6346 -0.912272 0.0836323 -0.000495477
18 52.65 11.4835 -0.520301 0.0763799 -0.000487816
19 3.59469 31.8786 -2.96594 0.198798 -0.00262863
20 32.7984 18.8465 -1.44212 0.122339 -0.00122341
21 17.7764 15.414 -0.579055 0.0662949 -0.000170065
22 -8.80313 24.3973 -2.03995 0.148934 -0.00172044
23 -12.5395 26.2339 -2.16516 0.153967 -0.00181191
24 -1.75308 26.3847 -2.05092 0.139353 -0.00139566
25 6.07509 33.262 -2.8925 0.184968 -0.00225892
26 29.3639 12.2304 -0.652331 0.0785657 -0.000395067
27 16.1593 31.071 -2.7138 0.176822 -0.00219679
28 94.401 -1.34262 1.25527 -0.0249262 0.00149837
29 67.2601 -3.92522 1.54107 -0.0377854 0.00166704
30 -16.1229 31.7847 -3.24049 0.224375 -0.00330529
31 50.9881 11.3635 -0.527391 0.0748381 -0.000461835
32 56.9953 12.6533 -0.491488 0.0669107 -0.000119268
33 32.3499 13.3298 -0.428921 0.0622829 -0.000168756
34 88.5837 5.64675 0.596876 0.00689079 0.000914101
35 39.2453 12.9995 -0.269394 0.0456199 0.000361814
36 -0.0861034 25.4839 -1.99153 0.141952 -0.00158872
37 53.4711 14.4583 -0.781479 0.0850241 -0.000507649
38 94.296 1.32644 1.09776 -0.0167703 0.0013452
39 47.3749 14.2223 -0.653743 0.0762758 -0.00037962
40 31.3839 15.7282 -1.26564 0.121645 -0.00139522
41 77.5076 12.1706 -0.340912 0.0546705 9.38237e-05
42 -5.7061 33.0015 -3.07173 0.197083 -0.00248476
43 25.9629 24.9553 -1.83324 0.130325 -0.00132862
44 46.4857 15.0964 -0.678401 0.0706578 -0.000184199
45 1.28996 28.8697 -2.29136 0.149598 -0.00160096
46 -9.80902 28.2574 -2.34465 0.157044 -0.00174968
47 24.1497 23.4021 -1.69514 0.121505 -0.00109934
48 -15.204 30.7556 -2.53528 0.156239 -0.00156813
49 18.2105 24.4042 -1.86659 0.128789 -0.00116136
50 -2.36862 36.9298 -3.49816 0.220634 -0.00298643
51 -6.15554 32.1413 -3.00308 0.193757 -0.002419
52 6.3132 37.2307 -3.70275 0.231689 -0.00315124
53 6.83077 36.9251 -3.82494 0.246055 -0.00358294
54 1.5683 33.5089 -3.09606 0.196782 -0.00248926
55 35.5626 27.1603 -2.13351 0.137921 -0.00124485
56 20.2921 39.6832 -4.02523 0.249383 -0.00350362
57 7.69579 42.1522 -4.15114 0.249778 -0.0033682
58 54.6841 20.4716 -1.73971 0.133533 -0.00138749
59 61.8902 23.477 -2.16271 0.156722 -0.00175856
60 39.2235 22.419 -2.04861 0.15352 -0.00175068
61 -7.47996 37.7098 -3.91904 0.247283 -0.00346793
62 61.4895 21.2284 -1.76583 0.132571 -0.00137094
63 77.532 19.6465 -1.78987 0.141553 -0.00162178
64 98.2647 11.9917 -0.716039 0.089713 -0.00070342
65 84.5217 15.9042 -1.46953 0.14198 -0.00188053
66 102.243 9.32622 -0.430034 0.0791613 -0.000613101
67 114.197 2.18836 0.219722 0.0490597 -0.000114024
68 121.707 0.786964 0.325288 0.0503593 -0.000216366
69 60.549 10.749 -0.546554 0.0788462 -0.000511261
70 111.767 5.26283 -0.0459284 0.0596324 -0.000285554
71 106.898 7.36909 -0.270142 0.070231 -0.000454439
72 176.614 1.57893 0.207071 0.0578398 -0.000426929
73 137.593 -1.33591 0.632176 0.0294757 0.000213355
74 113.53 7.07378 -0.444437 0.087096 -0.000876425
75 87.3071 5.12263 -0.0696818 0.0611747 -0.000303074
76 123.141 5.12276 -0.349232 0.0883925 -0.00100407
77 76.9568 12.5873 -1.00018 0.111531 -0.00125678
78 57.8628 21.3258 -1.76039 0.133384 -0.0014274
79 93.2061 13.302 -0.776939 0.0901504 -0.000668078
80 69.2309 15.571 -1.26227 0.117376 -0.00125498
81 81.0471 11.9715 -0.747709 0.088438 -0.000713109
82 32.2409 25.8935 -2.28404 0.161021 -0.00193254
83 85.1154 10.62 -0.277734 0.0532815 8.17318e-05
84 54.8097 17.7966 -1.61535 0.142457 -0.00181475
85 73.9752 9.08733 0.00780632 0.0359197 0.00043396
86 33.5306 33.7189 -3.08594 0.199985 -0.00259461
87 36.8624 23.3133 -2.02835 0.151501 -0.00174988
88 30.9415 29.5162 -2.62073 0.176322 -0.00215497
89 53.2684 25.3079 -2.06943 0.148469 -0.00162543
90 14.3885 29.1032 -2.78104 0.191826 -0.00249797
91 67.0919 16.3851 -1.06575 0.103604 -0.000998896
92 27.8785 26.3582 -2.41775 0.173392 -0.00217407
93 98.2141 8.71579 -0.173533 0.0558217 -3.26579e-05
94 57.0588 21.3517 -2.10353 0.172831 -0.00249066
