0 3.1564 27.3472 -2.17006 0.154163 -0.00181629
1 26.3584 18.8329 -0.962778 0.0835855 -0.000444334
2 62.5086 7.34355 0.478344 0.0124976 0.000784157
3 1.32549 30.6285 -2.60951 0.175939 -0.00222145
4 20.3045 13.4501 -0.32461 0.0526995 0.00010432
5 -5.18146 18.4537 -0.773488 0.0719787 -0.000233204
6 74.8572 0.923671 1.11879 -0.0184295 0.0012689
7 40.5552 11.2485 -0.36005 0.0638529 -0.000352684
8 33.6096 20.8684 -1.44508 0.114605 -0.00116086
9 14.1165 14.149 -0.499188 0.0582662 0.000105734
10 47.5675 15.8927 -0.718055 0.074779 -0.000362302
11 -23.3027 24.8195 -1.68887 0.118607 -0.00106048
12 58.189 8.13981 0.487138 0.00656864 0.000885237
13 -20.1393 27.7101 -2.09723 0.140642 -0.0014876
14 -0.115815 32.2136 -2.72439 0.174972 -0.00213967
15 66.5379 1.92281 0.834168 -0.00310683 0.00104546
16 -18.5957 27.0775 -2.1111 0.140991 -0.00144572
17 38.3824 13.8401 -0.837818 0.0933827 -0.000922635
18 36.342 15.1077 -0.56017 0.0622483 -5.55767e-05
19 -0.216056 27.3896 -2.38397 0.166753 -0.0020938
20 -16.4491 31.3858 -2.92339 0.189219 -0.00248565
21 2.11271 24.9784 -1.71251 0.113363 -0.000961047
22 63.6746 13.3838 -0.561639 0.0632162 -2.20358e-05
23 88.944 4.69944 0.149791 0.0452675 -6.18165e-05
24 -10.7722 26.4705 -2.1588 0.146658 -0.00163573
25 8.98877 23.3846 -1.67486 0.117096 -0.00103641
26 44.7873 6.35176 0.438989 0.00935854 0.000933693
27 -3.71118 20.0171 -1.35956 0.107134 -0.000964566
28 72.1406 3.5932 0.314031 0.0367647 0.00016224
29 -16.1428 32.7674 -2.8794 0.183304 -0.00229014
30 45.3449 18.3169 -1.31235 0.115128 -0.00124074
31 7.8774 22.9555 -1.9534 0.143403 -0.001674
32 75.747 7.22663 0.294553 0.0286153 0.000456282
33 115.357 -9.39294 2.3682 -0.0774834 0.00231275
34 87.4885 2.85402 0.825602 0.00497048 0.000877191
35 101.544 1.58977 1.03628 -0.0140805 0.00131213
36 80.2835 2.39276 0.515586 0.0291888 0.000318563
37 93.6768 3.11486 0.737366 0.00585391 0.000864046
38 66.0706 8.25521 -0.049951 0.0525288 -8.37575e-05
39 66.4623 7.34947 0.19319 0.0343777 0.000278113
40 91.2397 2.70466 0.6999 0.00949526 0.00077044
41 129.372 -14.8945 2.79498 -0.0907691 0.00245169
42 57.3875 14.4613 -0.687214 0.0792355 -0.000492046
43 93.1241 2.97306 0.579507 0.0208897 0.000418954
44 79.68 11.8948 -0.314674 0.0543289 -6.10128e-06
45 53.1639 2.67617 0.881513 -0.00675877 0.00114562
46 63.5805 11.8564 -0.422738 0.0665122 -0.000278146
47 124.21 1.54616 0.60377 0.0199202 0.000500486
48 104.808 5.13035 0.1798 0.0401342 0.000168149
49 113.759 3.84452 0.168908 0.0486049 -9.7043e-05
50 47.4758 15.3839 -0.851937 0.0830666 -0.000497375
51 78.2737 5.29103 0.218533 0.0353605 0.00028507
52 102.601 7.49363 -0.189017 0.0596257 -0.000221592
53 85.1921 6.79498 -0.194524 0.0655259 -0.000410585
54 36.9295 28.5488 -2.36791 0.154897 -0.00170679
55 96.0987 10.0111 -0.604021 0.0865404 -0.000731277
56 65.6516 18.9381 -1.50601 0.121429 -0.00120234
57 54.9046 16.9072 -1.44363 0.127074 -0.00144387
58 94.8443 13.7465 -0.962024 0.0966571 -0.000811655
59 41.3546 18.2823 -1.36622 0.114111 -0.00108095
60 45.4423 6.86319 -0.0254353 0.0495767 3.52765e-05
61 92.6969 3.56511 0.581927 0.0100666 0.000809207
62 114.383 3.41399 0.250383 0.04186 5.99309e-05
63 32.8096 21.8868 -1.71819 0.125562 -0.00125765
64 83.7548 14.3598 -0.694625 0.0739986 -0.000340709
65 87.2866 9.04463 -0.091122 0.0433667 0.000165582
66 73.8994 3.8897 0.596329 0.00887412 0.000805686
67 128.19 -4.66014 1.74556 -0.0530371 0.00188484
68 85.3678 2.78385 0.791095 -0.00279484 0.0010013
69 93.5961 8.11663 -0.0523071 0.0408644 0.00015737
70 43.5965 20.4489 -1.37031 0.106063 -0.000928681
71 76.7792 19.8073 -1.35883 0.106331 -0.000930606
72 89.2622 15.246 -0.766152 0.0752389 -0.000386493
73 62.0593 12.2136 -0.203642 0.0383499 0.000395396
74 69.2776 16.0379 -0.98889 0.0912241 -0.000749262
75 77.8858 6.7149 0.099536 0.0349607 0.000248264
76 79.6386 4.91309 0.456934 0.0178945 0.000561574
77 24.9019 26.3644 -2.22024 0.152334 -0.00181527
78 65.2169 8.63698 -0.0712121 0.0382576 0.000230937
79 -0.326879 37.5394 -3.52837 0.215019 -0.00282249
80 51.7918 17.9815 -1.10651 0.0897587 -0.000591314
81 17.1857 31.9869 -2.77336 0.173019 -0.00211387
82 45.0263 23.2641 -1.69023 0.117713 -0.00102611
83 60.6171 23.3243 -1.84232 0.129744 -0.00140175
84 101.697 6.91895 -0.0485971 0.0518697 -0.000144409
85 70.5405 16.1642 -1.04611 0.0926715 -0.000729824
86 69.7218 11.742 -0.482055 0.0677056 -0.000322091
87 56.3922 25.4436 -2.2241 0.155884 -0.00191143
88 55.4822 20.8116 -1.69841 0.128876 -0.00140928
89 15.2253 24.8427 -2.09645 0.148409 -0.00169284
90 53.8277 19.1996 -1.21003 0.094346 -0.00059563
91 63.4174 16.1542 -1.03717 0.0936676 -0.000752076
92 58.5979 19.579 -1.45033 0.117065 -0.00118998
93 33.6167 29.5844 -2.55206 0.164616 -0.00191908
94 41.958 21.7016 -2.00658 0.154442 -0.00196107
