0 74.4431 5.14768 0.408734 0.0216898 0.00034403
1 42.2597 12.662 -0.335846 0.049485 1.29794e-05
2 95.8877 9.76985 -0.403471 0.0724837 -0.00065615
3 115.443 -9.44705 2.03199 -0.0554966 0.00169531
4 72.5394 8.79317 -0.237328 0.0616283 -0.000432934
5 102.436 -4.83699 1.62977 -0.0474668 0.00158598
6 93.7226 2.44276 0.512438 0.02707 3.15924e-05
7 124.558 -8.9608 1.91995 -0.0496163 0.00159531
8 110.986 -8.0276 1.80815 -0.0466651 0.00155647
9 121.52 -7.26544 1.68143 -0.0364559 0.0012301
10 84.2967 -3.63437 1.2088 -0.0115131 0.000786764
11 137.491 -9.15718 1.94467 -0.0500046 0.00153553
12 94.5556 -4.23207 1.43101 -0.0312883 0.00125752
13 79.855 6.98964 -0.21112 0.0655884 -0.00067567
14 97.2582 -4.77153 1.46853 -0.0311655 0.00119117
15 138.336 -7.4326 1.72911 -0.0407316 0.00136876
16 87.7791 1.7933 0.49557 0.0240194 0.00019517
17 104.62 0.560358 0.689903 0.0121734 0.000388867
18 100.263 -3.56875 1.30356 -0.0289318 0.0013142
19 99.3783 1.58733 0.593806 0.015193 0.000366039
20 60.2878 16.8455 -1.35436 0.114902 -0.00138687
21 66.7797 18.1523 -1.41193 0.1191 -0.00152848
22 72.2467 11.4242 -0.577607 0.0730505 -0.000587665
23 76.3781 9.18297 -0.352619 0.0617598 -0.000380048
24 57.7008 10.5955 -0.640935 0.0823005 -0.000865756
25 106.96 1.69073 0.83649 -0.00996006 0.00101587
26 66.7101 15.4293 -0.746247 0.0626219 -0.000125931
27 34.582 19.0742 -1.38315 0.10749 -0.00113757
28 63.8556 6.5709 0.360393 0.00701265 0.000828295
29 69.641 16.1319 -1.15011 0.100476 -0.00111996
30 45.8979 16.5303 -1.17152 0.0996117 -0.00105373
31 35.6218 28.8563 -2.5255 0.162261 -0.00211842
32 61.6459 -3.18901 1.39891 -0.0244567 0.00111587
33 67.6845 -4.82359 1.5559 -0.0295122 0.00116272
34 45.6475 12.3247 -0.731635 0.0946853 -0.00121056
35 79.6714 5.01451 0.176512 0.0442616 -0.000232221
36 91.5661 -3.3433 1.23106 -0.00681424 0.0006264
37 82.2166 0.222649 0.832298 0.00759527 0.000478831
38 108.257 -9.9227 1.92017 -0.0418593 0.00123983
39 72.8668 -1.25591 1.04461 -0.00260266 0.000656853
40 100.153 0.0308112 0.709306 0.0189772 0.000124068
41 79.806 2.9926 0.390158 0.0334476 -6.87235e-06
42 83.6778 -2.26268 1.03611 6.13124e-05 0.000520903
43 66.3198 0.784244 0.729626 0.0138508 0.000375041
44 84.5301 -7.09573 1.71155 -0.0416509 0.00134505
45 38.7876 22.7231 -2.13834 0.160172 -0.00219574
46 106.585 3.01248 0.47661 0.0207615 0.000267257
47 90.4696 -0.531618 0.792048 0.0100495 0.000459666
48 102.228 -4.9803 1.37989 -0.0221423 0.00102963
49 63.6671 6.42776 0.00433762 0.0452962 -0.000171262
50 72.1366 9.89197 -0.531649 0.0774881 -0.000775981
51 64.7357 4.77068 0.00138967 0.0533156 -0.000413743
52 82.0849 1.43348 0.59456 0.019388 0.000239056
53 40.2312 10.6685 -0.301726 0.0533768 -0.000210434
54 45.9317 11.5521 -0.708432 0.087571 -0.000958288
55 42.9183 7.76055 -0.184302 0.0593013 -0.000501393
56 54.641 18.2657 -1.3484 0.106321 -0.00109699
57 6.01252 18.5996 -1.22843 0.0952789 -0.000825242
58 -19.2624 34.4253 -3.20752 0.196134 -0.00266986
59 -16.2544 26.3644 -2.07892 0.132583 -0.00139153
60 -41.712 41.5261 -4.01683 0.238905 -0.00347704
61 -15.8531 41.8015 -3.9425 0.230243 -0.00321071
62 -8.92121 31.3504 -2.51464 0.144912 -0.0014584
63 -61.5485 46.1946 -4.53834 0.262549 -0.00385321
64 37.0383 7.97418 0.0767558 0.0347471 0.000254322
65 56.7 0.51395 0.863682 0.000861898 0.000657697
66 51.8527 4.15461 0.437853 0.0234725 0.000306965
67 -8.25043 25.8916 -2.12155 0.144656 -0.00178612
68 22.8815 11.9779 -0.599817 0.074329 -0.000552502
69 32.9709 9.25609 -0.355778 0.0679431 -0.000553167
70 51.1757 1.31902 0.612514 0.0146431 0.000420071
71 56.1095 7.52591 -0.143492 0.0565427 -0.000341633
72 61.5506 5.52212 0.083587 0.0447767 -0.000175599
73 86.6733 -7.43792 1.78427 -0.0478844 0.00158606
74 36.4665 1.5702 0.62397 0.0137708 0.000439508
75 39.289 9.08434 -0.271512 0.0604658 -0.000434022
76 86.5951 -2.74181 1.25519 -0.0238738 0.0011604
77 46.2749 1.67652 0.445007 0.0271189 0.000143913
78 51.2659 3.42644 0.179853 0.0393689 -0.000143384
79 67.9558 -0.615425 0.760414 0.0121934 0.000369417
80 55.5973 5.48447 -0.0388593 0.0528141 -0.0003185
81 72.2352 3.28235 0.433519 0.0145343 0.000514072
82 0.377007 17.8676 -1.33249 0.10762 -0.00122539
83 24.1209 10.7324 -0.260755 0.0430406 0.000117262
84 54.0203 6.16352 0.195918 0.0259068 0.000404924
85 64.7492 -0.0884869 0.792081 0.00365851 0.000695034
86 20.1778 15.1804 -0.947138 0.0871377 -0.000758886
87 7.59689 23.9533 -1.92634 0.133181 -0.00150142
88 12.7885 12.3183 -0.446339 0.0534008 -6.08805e-05
89 2.78613 19.0768 -1.42383 0.111001 -0.00114889
90 30.6546 14.211 -0.588693 0.0520419 0.000158244
91 31.5199 15.5151 -0.676225 0.0634125 -0.000207413
92 -0.736033 27.1284 -2.10101 0.132484 -0.00130115
93 -41.1513 38.9026 -3.89299 0.242078 -0.00357353
94 -2.8313 23.2458 -1.74845 0.116629 -0.00112801
95 -40.0738 22.3033 -1.67178 0.118789 -0.00129017
