0 32.5378 20.9394 -1.18733 0.0978376 -0.000493043
1 -4.06605 30.2463 -2.65752 0.18754 -0.00243292
2 -35.0956 39.226 -3.6345 0.229758 -0.00308813
3 9.34666 21.6113 -1.00832 0.0748793 7.43924e-05
4 38.4615 21.7303 -1.2753 0.0976662 -0.000516121
5 -1.93268 25.7256 -1.7117 0.12127 -0.000946118
6 65.3941 8.97326 0.373121 0.0112003 0.0010514
7 57.0741 16.4605 -0.813554 0.080173 -0.000253857
8 12.0631 20.7665 -1.28391 0.106683 -0.000813453
9 16.9922 23.6177 -1.77732 0.136231 -0.00147767
10 72.1377 7.77434 0.159032 0.0397248 0.000282452
11 25.2942 21.0922 -1.46783 0.115757 -0.000992325
12 16.7884 21.3616 -1.39364 0.108629 -0.000858845
13 106.782 -0.742957 1.20143 -0.0191462 0.00141591
14 30.9179 23.7866 -1.83746 0.136618 -0.0014139
15 -24.1148 39.865 -3.50235 0.209512 -0.00255657
16 10.2607 27.9656 -2.48779 0.171598 -0.00207285
17 3.16542 32.4073 -2.92514 0.190533 -0.00232085
18 26.3544 25.4735 -1.90428 0.132096 -0.00119799
19 68.5096 8.98387 0.0829151 0.0335333 0.000564012
20 -34.8124 32.2262 -2.82156 0.184461 -0.00224351
21 -13.6974 32.1389 -2.46627 0.154747 -0.00150896
22 -2.84454 35.5143 -3.18437 0.196964 -0.00236126
23 21.4709 36.456 -3.48764 0.219201 -0.00281339
24 15.8971 30.2119 -2.67366 0.177475 -0.00212975
25 -10.9489 36.0515 -3.37954 0.212406 -0.00274545
27 39.7533 26.6331 -2.22973 0.156399 -0.00172861
28 8.44439 36.2281 -3.35916 0.210158 -0.00266691
29 71.4194 18.4463 -1.38709 0.116945 -0.00108589
30 48.2125 26.1499 -2.15667 0.151321 -0.00164424
31 -10.2712 34.3462 -3.24348 0.208281 -0.00270305
32 -10.603 14.1279 -0.354245 0.0529018 0.000198013
33 48.1425 8.27319 0.174689 0.0319466 0.000420334
34 -1.94918 21.7905 -1.38535 0.108217 -0.000855748
35 24.5167 14.2901 -0.405043 0.0564232 9.24207e-05
36 9.44183 14.3349 -0.515305 0.0654176 -0.000182776
37 81.9152 7.32921 0.267432 0.0282214 0.000470544
38 21.7385 8.1865 0.201677 0.0271291 0.00057795
39 36.9431 10.6864 -0.301555 0.0623005 -0.000215531
40 -7.15827 24.4193 -1.7784 0.127257 -0.001261
41 19.417 10.1473 0.150204 0.0249366 0.000578826
42 32.4374 12.4128 -0.350532 0.0553013 2.18526e-05
43 64.2786 -1.21236 1.2346 -0.0233194 0.00142821
44 47.2631 15.0739 -0.792946 0.0836354 -0.000591091
45 38.0236 16.9609 -0.875285 0.0806713 -0.000406503
46 40.4147 -0.168438 0.781061 0.0113265 0.000578424
47 85.0232 4.89127 0.303165 0.0292267 0.000334085
48 54.7835 7.89137 -0.277437 0.0645579 -0.000364023
49 13.1854 18.6078 -1.42181 0.119722 -0.00124579
50 61.3365 13.4706 -0.95893 0.100648 -0.000978914
51 -50.5963 29.4474 -2.54208 0.167497 -0.00199659
52 46.3722 19.3798 -1.61439 0.133438 -0.00156325
53 79.2754 9.45878 -0.634552 0.0919501 -0.000929876
54 63.8408 10.0846 -0.689796 0.0915234 -0.000841395
55 39.8685 10.2446 -0.731092 0.0919859 -0.000840756
56 22.7406 13.4371 -1.02794 0.10241 -0.00101028
57 66.2886 17.457 -1.35217 0.115108 -0.00115341
58 -16.8347 27.5853 -2.39234 0.156892 -0.00178265
59 35.4974 14.2216 -1.09789 0.109204 -0.00117577
60 1.95095 29.899 -2.79303 0.185097 -0.00240054
61 39.8295 17.5773 -1.26066 0.108761 -0.00104692
62 52.245 16.4272 -1.2842 0.115405 -0.00126057
63 30.5604 19.9002 -1.59769 0.126067 -0.00140911
64 30.5452 7.79992 0.0353943 0.0478046 0.000141299
65 81.5331 -4.84649 1.4149 -0.01913 0.00120186
66 99.7987 -13.0424 2.43559 -0.0640158 0.0019668
67 7.1175 12.164 -0.328249 0.0589088 -0.00011676
68 19.7971 8.07738 0.305187 0.0227214 0.000629581
69 26.7423 6.27051 0.152672 0.0412527 0.000172322
70 36.211 1.71959 0.869571 0.000703057 0.000919411
71 56.3444 0.903788 0.970144 -0.00241517 0.000956584
72 46.4981 -3.16012 1.22596 -0.0111145 0.00112684
73 78.7374 -3.05606 1.14499 -0.000430695 0.000796122
74 20.2661 15.1703 -0.737399 0.0820749 -0.000450244
75 50.7337 2.67188 0.630688 0.0165614 0.000607835
76 96.8512 -12.718 2.40634 -0.0632488 0.00191863
77 28.0968 5.01088 0.344687 0.0316014 0.000367987
78 88.7172 -8.50853 1.80228 -0.0382829 0.00152844
79 91.5623 -2.63018 1.03845 0.00647272 0.000664446
80 41.9422 3.04008 0.667554 0.00982351 0.000743595
81 85.1238 -3.92679 1.16049 -0.00292147 0.000858096
82 8.64365 10.3997 -0.308021 0.063942 -0.000246516
83 74.785 -9.89974 1.97239 -0.0464119 0.00163745
84 19.3367 10.4442 -0.336545 0.0628269 -0.00017876
85 36.3999 5.30833 0.202574 0.0415012 9.88532e-05
86 87.627 -3.54647 1.1974 -0.00638594 0.000915177
87 22.8444 3.62126 0.192949 0.049398 -0.000143572
88 51.7306 1.47549 0.558457 0.0270916 0.000323749
89 12.2961 20.1378 -1.59708 0.129971 -0.00146707
90 12.4684 18.9608 -1.18844 0.100818 -0.000829394
91 55.5117 2.72414 0.586935 0.01787 0.000580743
92 62.0466 0.00512966 0.861986 0.00802171 0.000712381
93 -4.61097 25.5903 -2.10299 0.152452 -0.00183289
94 25.0284 20.1664 -1.49625 0.127654 -0.00140672
