0 -122.277 13.0474 2.32307 0.109892 -0.0298885
1 -218.687 20.6737 3.73983 0.171534 -0.0484338
2 -211.588 21.4423 3.82304 0.180544 -0.0474584
3 -208.355 21.4076 3.76229 0.165984 -0.0501061
4 -261.199 19.3009 3.90417 0.215181 -0.0420015
5 24.2644 2.73497 0.762526 0.0817569 -0.0117077
6 109.146 -3.9431 -0.0992742 0.064747 -0.00450619
7 1243.42 -342.01 8.19382 4.60284 -0.319446
8 258.653 -57.2192 7.66763 -0.31917 0.00631054
9 164.163 -28.0218 4.74249 -0.196786 0.00441091
10 105.638 -17.7274 3.37905 -0.130784 0.00337592
11 80.015 -8.91144 2.28301 -0.0724988 0.00232703
12 166.256 -24.9218 3.94877 -0.144631 0.00337228
13 111.176 -26.5567 4.51871 -0.185606 0.004215
14 113.216 -20.5 3.57326 -0.13581 0.00334294
15 200.512 -35.4228 4.79402 -0.179438 0.00395125
16 160.708 -30.2846 4.51114 -0.173363 0.0039127
17 116.539 -6.4651 1.5457 -0.0275477 0.00140457
18 82.9447 -12.5546 2.65218 -0.0909941 0.00260615
19 47.059 2.49759 1.01771 -0.013628 0.00135159
20 148.608 -19.1576 3.25376 -0.116045 0.00300371
21 120.462 -22.1789 3.61203 -0.130846 0.0032179
22 25.1646 7.54058 0.554407 0.00131214 0.00117172
23 60.5721 -2.45151 1.33756 -0.022964 0.00137554
32 237.795 -39.9985 5.42042 -0.208291 0.00442196
33 135.22 -12.0285 2.80808 -0.100695 0.00276672
34 129.955 -18.3839 3.62623 -0.139309 0.00342021
35 147.113 -17.3495 3.28902 -0.118837 0.00302851
36 181.532 -21.6629 3.85272 -0.141972 0.00334036
37 168.774 -26.7759 4.46563 -0.172297 0.00383669
38 95.2137 -12.359 2.68882 -0.0874115 0.00244599
39 181.97 -31.3649 4.96354 -0.19458 0.00416075
40 135.665 -13.7426 3.00322 -0.108267 0.00281621
41 150.842 -16.5161 3.45981 -0.134887 0.00334705
42 104.022 -19.0787 3.75259 -0.149184 0.0035703
43 127.334 -17.8741 3.45036 -0.129034 0.00318414
44 99.8235 -3.13886 1.90447 -0.0623968 0.00216159
45 126.457 -17.0693 3.25953 -0.118346 0.00292084
46 107.513 -3.52314 1.62824 -0.039215 0.00162604
47 105.652 0.65404 1.08336 -0.00844069 0.00104156
48 143.667 -21.2725 3.82273 -0.148052 0.00344504
49 169.802 -11.5098 1.8946 -0.0334328 0.00129297
50 135.252 -12.9111 2.74414 -0.0907772 0.00243625
51 46.3238 14.9238 -0.315276 0.0439339 0.000349099
52 101.244 -7.56352 2.09172 -0.0631203 0.00202068
53 182.885 -27.5158 4.29804 -0.162653 0.00359115
54 84.9635 2.50082 0.97336 -0.00845749 0.00107128
55 160.076 -27.0495 4.05509 -0.146259 0.0032629
56 38.7119 23.5585 -1.46936 0.0996126 -0.000632981
57 10.1573 22.1068 -1.27178 0.0915757 -0.000469838
58 132.581 -6.44559 1.9853 -0.0624276 0.00207538
59 152.896 -20.8968 3.33632 -0.11102 0.00269169
60 94.1043 7.22355 0.100104 0.0373556 0.000312907
61 188.057 -24.4312 3.66786 -0.1277 0.00299004
62 133.671 -10.3333 2.04479 -0.0543921 0.00187151
63 -3427.15 1777.53 -319.906 24.8374 -0.702955
64 178.056 -31.3291 5.03239 -0.21356 0.00478747
65 203.362 -27.9233 4.26911 -0.164824 0.00378613
66 184.556 -30.8676 4.49848 -0.170237 0.00387196
67 152.808 -15.8106 3.10299 -0.115688 0.00302008
68 119.429 1.00469 1.074 -0.0136998 0.00129422
69 247.841 -43.3365 5.77335 -0.222889 0.00453306
70 205.533 -35.3356 5.2686 -0.214302 0.00456876
71 69.5101 20.6124 -1.3465 0.103118 -0.000741165
72 142.443 -12.5543 2.49898 -0.0774745 0.00224413
73 97.6323 3.45828 0.839757 -0.00399191 0.0010628
74 124.429 -11.4076 2.82945 -0.109801 0.0030035
75 180.324 -24.1861 3.81112 -0.141592 0.00335058
76 72.6656 13.1089 -0.325362 0.0534292 0.000111059
77 170.132 -26.9922 4.26971 -0.166772 0.00376126
78 144.831 -13.4316 2.67445 -0.0905198 0.00246181
79 72.4826 -3.17894 1.65148 -0.0458671 0.00180871
80 77.231 4.44542 0.757344 -0.00303077 0.00106217
81 102.214 3.54921 0.672309 0.0101594 0.000654529
82 125.699 -12.7906 2.69584 -0.0911493 0.00245045
83 156.378 -21.8994 3.96897 -0.16269 0.00377589
84 194.196 -25.9483 4.11927 -0.155422 0.00348235
85 160.136 -22.245 3.71073 -0.136116 0.00321077
86 162.026 -18.2057 3.02188 -0.0979307 0.00250266
87 86.1213 8.35356 0.231335 0.0276781 0.000506529
88 68.5045 14.2455 -0.102487 0.0257628 0.000761078
89 110.61 -5.56224 1.96636 -0.0617711 0.00206246
90 24.6326 19.0077 -0.769391 0.0629733 4.88001e-05
91 183.5 -28.5935 4.38992 -0.165744 0.00361746
92 90.7517 1.44173 1.2155 -0.0284164 0.00154182
93 91.6902 0.675333 1.20064 -0.0226304 0.00135561
94 178.123 -18.0425 3.2409 -0.113566 0.00279875
95 98.9298 6.64553 0.551576 0.00619288 0.000879296
