0 95.1272 0.418867 1.12539 -0.015825 0.00127834
1 35.5882 25.2783 -1.72823 0.122222 -0.00115568
2 93.3965 2.68186 0.879429 -0.0026401 0.00095657
3 24.095 22.3242 -1.53737 0.119133 -0.00116896
4 73.0269 12.3752 -0.557624 0.07713 -0.000568689
5 93.1607 -2.98011 1.63523 -0.0451783 0.00176873
6 42.7351 17.3825 -1.27504 0.119565 -0.00138952
7 45.1511 11.6142 -0.232064 0.0490989 9.14203e-05
8 31.8018 17.8846 -1.12743 0.0964914 -0.000815375
9 61.6429 12.8688 -0.481309 0.0667785 -0.000275971
10 88.1942 9.86843 -0.143625 0.0488061 5.6427e-05
11 72.7914 9.40491 0.0287949 0.0385049 0.000255306
12 96.3897 7.30743 0.0303758 0.0487514 -3.1619e-05
13 39.3693 17.0534 -0.82827 0.0813921 -0.000503409
14 27.592 17.1881 -1.25646 0.112996 -0.00115732
15 9.90988 30.0498 -2.74407 0.183706 -0.00237833
16 -3.69457 27.2286 -2.0671 0.138067 -0.001426
17 67.8899 21.4808 -1.28898 0.0951282 -0.000582203
18 47.1616 24.8048 -1.80372 0.12565 -0.00123773
19 37.0215 28.7752 -2.10875 0.135664 -0.00133159
20 -9.0497 29.322 -2.27635 0.142747 -0.00142036
21 48.079 14.0845 -0.772682 0.0829808 -0.000584309
22 46.077 27.2067 -2.3141 0.15728 -0.00185832
23 17.0109 23.2923 -1.87948 0.137104 -0.0015058
24 70.9677 13.4501 -0.499159 0.0574926 3.90181e-05
25 42.3867 22.3105 -1.67501 0.120201 -0.00116715
26 59.6325 19.6023 -1.45381 0.11527 -0.00122396
27 62.2638 11.01 -0.00618265 0.0275682 0.00063184
28 36.492 22.2197 -1.5881 0.114725 -0.00109854
29 24.6825 27.0684 -2.26513 0.152163 -0.00178872
30 63.9655 21.3868 -1.62054 0.124597 -0.00142098
31 16.2205 29.3646 -2.56863 0.167979 -0.00212124
32 36.3824 7.34989 0.224989 0.0340194 0.000373111
33 53.762 9.18509 -0.0731538 0.0512068 -2.25107e-05
34 38.9947 1.47726 1.05001 -0.011235 0.0011468
35 45.2406 11.037 -0.146808 0.049322 8.65403e-05
36 46.4006 0.271618 1.26209 -0.0218736 0.00132003
37 28.265 11.5736 -0.193143 0.0513753 6.47532e-05
38 42.7598 6.0274 0.392872 0.0255706 0.000454448
39 23.9338 4.22246 0.775223 0.000353519 0.000968125
40 -0.265944 12.7137 -0.577664 0.075701 -0.000455849
41 24.129 14.0959 -0.671174 0.0797765 -0.000527659
42 41.5711 4.14107 0.427639 0.0271874 0.000362918
43 21.0124 7.58066 0.0849263 0.0462771 -1.18536e-06
44 8.49446 14.4947 -0.749999 0.0848229 -0.000628495
45 -30.497 21.4106 -1.53364 0.123364 -0.00128999
46 41.6909 12.5424 -0.514513 0.070962 -0.00031908
47 93.1681 -1.34061 1.07259 -0.00637905 0.00102014
48 -4.47987 20.2779 -1.46015 0.120095 -0.0012213
49 27.8424 11.6658 -0.567585 0.0790356 -0.000514942
50 16.4751 7.3856 0.0395961 0.0446108 0.000119622
51 82.4998 -0.627181 0.751733 0.0179318 0.00044624
52 25.1873 9.64223 -0.50752 0.0826018 -0.000643309
53 13.1344 15.4621 -0.895161 0.0886586 -0.000599543
54 50.167 10.3284 -0.468976 0.0718831 -0.000406961
55 56.4311 -2.85153 0.834806 0.0179777 0.000396412
56 72.791 6.25929 -0.221506 0.0703839 -0.000488683
57 37.3762 9.22627 -0.391929 0.0719443 -0.000422632
58 27.6292 13.7396 -1.10907 0.112175 -0.00117544
59 64.0846 5.37476 0.079461 0.0483194 -3.28519e-06
60 -3.23189 20.6205 -1.65854 0.132422 -0.00146918
61 50.3817 8.19803 -0.165106 0.0556196 -7.62598e-05
62 83.7823 -3.0278 0.889048 0.0173833 0.000388215
63 13.5262 16.5766 -1.31513 0.118324 -0.00129592
64 82.4848 6.15277 0.259412 0.035103 0.000250617
65 59.6593 14.0119 -0.55248 0.0676012 -0.00022979
66 140.305 -9.31244 2.06428 -0.0504439 0.00169662
67 122.472 -9.44709 1.89799 -0.0421277 0.00152394
68 136.909 -8.91411 1.84733 -0.0373422 0.00140142
69 87.365 5.71686 0.410756 0.022392 0.000508327
70 120.884 -0.0485469 0.95573 -0.00188036 0.00089508
71 146.016 -1.85548 0.982275 0.00594528 0.000604231
72 111.972 0.725136 0.818885 0.0095837 0.000638305
73 87.0533 -0.450879 0.848881 0.00793642 0.000662734
74 115.465 -1.91566 1.06202 -0.00196545 0.000796874
75 95.4303 7.27637 0.0874391 0.0408288 0.000181427
76 38.6116 16.341 -0.926027 0.0896377 -0.000628498
77 105.24 6.37765 -0.00627246 0.0518584 -0.000144001
78 109.052 10.6369 -0.341475 0.0633654 -0.000296426
79 79.14 18.5212 -1.27037 0.108291 -0.00103305
80 82.5593 9.81348 -0.255782 0.0592505 -0.000169165
81 46.7735 23.0082 -2.06938 0.156566 -0.00200066
82 26.3315 25.3433 -2.16953 0.15377 -0.00178054
83 69.3816 15.6811 -0.681002 0.0659264 -7.59158e-05
84 64.0171 13.0525 -0.697309 0.0802798 -0.000516361
85 33.4045 26.037 -2.26942 0.160143 -0.00199661
86 97.8933 4.68646 0.153668 0.0465958 -0.000101284
87 113.568 4.95951 0.266643 0.0324153 0.000320239
88 74.5357 12.7456 -0.673301 0.0818435 -0.000605677
89 73.1277 16.447 -0.998609 0.0934825 -0.000718667
90 21.2539 33.3479 -3.04772 0.196705 -0.00254507
91 45.3437 26.1253 -2.33222 0.167253 -0.0021014
92 89.2683 15.4564 -1.10678 0.109073 -0.00113984
93 28.4322 18.706 -1.33377 0.113694 -0.00120331
94 36.5821 20.1832 -1.3878 0.109545 -0.000960195
