0 119.154 -3.06573 1.12628 0.000166588 0.000509036
1 125.483 -2.55257 1.38008 -0.024328 0.00114316
2 158.957 -12.3507 2.49136 -0.0840654 0.00230777
3 98.3395 1.28747 0.738032 0.0111875 0.000457902
4 174.388 -13.1599 2.46473 -0.0727045 0.00186748
5 180.926 -14.5615 2.75023 -0.092059 0.00231782
6 146.437 -18.2583 3.05884 -0.101621 0.00234078
7 134.613 -3.77009 1.29655 -0.0142692 0.000859447
8 133.055 -7.64647 1.83111 -0.0479581 0.00161874
9 93.0603 5.77855 0.0103312 0.0557237 -0.000452517
10 148.69 -6.42679 1.7142 -0.0428034 0.00147552
11 169.509 -12.3016 2.40374 -0.0745854 0.00199524
12 132.927 -5.58237 1.40749 -0.0224774 0.00101552
13 145.018 -0.432574 0.740107 0.01427 0.000285715
14 165.092 -12.9568 2.23961 -0.0602977 0.0015799
15 139.867 -5.78607 1.42056 -0.0178363 0.000891549
16 141.688 -6.9117 1.46857 -0.0200383 0.000912785
17 131.044 -3.32992 1.17487 -0.0123205 0.000802911
18 160.916 -9.15674 1.91567 -0.0523844 0.0016475
19 108.407 3.4435 0.504179 0.0155911 0.000487986
20 114.048 1.14875 0.567355 0.0218574 0.000226928
21 76.9695 18.0962 -1.50323 0.126499 -0.00157178
22 92.7995 7.168 -0.173469 0.0552481 -0.000288865
23 63.3487 17.0374 -1.43641 0.12673 -0.00166506
24 82.2146 14.8964 -1.02974 0.0959294 -0.000998141
25 124.053 8.44755 -0.291658 0.066561 -0.000613088
26 127.674 -1.26875 1.17092 -0.0234882 0.00123589
27 101.643 6.41905 -0.0190104 0.0474191 -0.000152031
28 153.308 -6.5223 1.76151 -0.0516612 0.00171938
29 113.038 -1.21857 1.19385 -0.0279906 0.00144015
30 83.1781 14.4068 -0.755318 0.0745064 -0.000516221
31 99.0454 5.37573 0.285618 0.0204861 0.000537691
32 117.873 0.19207 1.0604 -0.0187142 0.00122314
33 39.6682 17.7009 -1.08777 0.0933512 -0.000882835
34 42.545 11.0705 -0.363241 0.0610815 -0.000360821
35 49.0664 10.511 -0.372626 0.0638539 -0.0004332
36 96.7265 3.53794 0.555732 0.0152462 0.000388162
37 137.073 -2.89221 1.42464 -0.0353055 0.00150514
38 109.163 -1.27468 1.16918 -0.0215789 0.00123376
39 110.947 2.30704 0.681532 0.00929348 0.000513227
40 94.134 5.22487 0.158445 0.0368523 -6.14025e-06
41 143.352 -12.0095 2.24602 -0.0681068 0.0018274
42 96.339 2.43033 0.581825 0.00833791 0.000633694
43 81.5675 3.55716 0.483473 0.0129126 0.000551361
44 112.63 -4.90203 1.25427 -0.0121311 0.000762657
45 80.6478 4.54208 0.0749983 0.0283942 9.5846e-05
46 96.1752 2.39673 0.55124 0.0119963 0.000499669
47 109.336 0.383307 0.793725 -0.000487776 0.000720287
48 87.3643 1.87692 0.528302 0.0173919 0.00038943
49 65.1623 5.89859 0.0264373 0.0411202 -2.44636e-05
50 70.8224 8.76535 0.0450044 0.0243532 0.000531402
51 118.031 -1.22097 1.06831 -0.0196659 0.00102329
52 67.0897 9.51915 -0.439831 0.0668888 -0.000498778
53 102.341 11.1675 -0.597205 0.0732015 -0.000582654
54 63.5865 17.4798 -1.24996 0.101546 -0.00102299
55 55.5504 16.1993 -1.16222 0.0999455 -0.00102978
56 69.7759 18.9167 -1.46063 0.11425 -0.00128552
57 39.2138 15.7886 -0.95758 0.0870334 -0.000776137
58 24.247 24.4115 -1.99285 0.131681 -0.00145175
59 62.6788 18.4585 -1.54827 0.130416 -0.0018574
60 100.269 9.86579 -0.343294 0.0541701 -7.57241e-05
61 47.0353 18.452 -1.37249 0.110714 -0.00116062
62 -7.43855 35.8682 -3.27845 0.192047 -0.00241143
63 66.3082 13.7693 -0.472356 0.0439807 0.000278404
64 33.541 18.1827 -1.04221 0.0933693 -0.000821839
65 86.0921 12.5221 -0.516314 0.0736702 -0.000611349
66 47.4897 19.7634 -1.63084 0.13992 -0.00188387
67 142.532 -15.2722 2.89499 -0.102364 0.00257709
68 117.9 -2.75145 1.41305 -0.0312988 0.00138239
69 69.4532 10.4775 -0.307621 0.0613932 -0.000238645
70 119.795 -10.7319 2.35031 -0.0783202 0.00226236
71 124.185 -3.4915 1.26112 -0.00796073 0.000695937
72 129.366 -8.94983 1.90189 -0.0451251 0.00147636
73 150.91 -6.24587 1.48581 -0.0216602 0.00104754
74 126.143 -3.05864 1.16202 -0.00399144 0.00064111
75 168.022 -11.1153 2.23269 -0.0641458 0.00189073
76 167.09 -14.2046 2.57219 -0.080596 0.0020992
77 132.537 -3.69514 1.32417 -0.0192462 0.00108999
78 126.099 -4.23341 1.32837 -0.0219373 0.00105863
79 138.625 -7.02287 1.55838 -0.0234715 0.00103035
80 101.659 2.56862 0.258029 0.047187 -0.000391505
81 90.8673 -2.79468 1.21152 -0.0163332 0.000996159
82 104.194 0.905339 0.53807 0.0245811 0.0002135
83 117.169 5.16927 0.0843626 0.0466838 -0.000193178
84 100.096 4.50675 0.187675 0.0430844 -0.000146561
85 119.578 1.57738 0.605228 0.0200585 0.00032223
86 154.892 -9.03897 1.79976 -0.0415439 0.0014267
87 134.511 -4.25717 1.33502 -0.0165923 0.000905951
88 122.211 0.655444 0.770759 0.00715816 0.000570802
89 122.731 2.57388 0.662379 0.00611651 0.000799114
90 117.187 6.51668 0.0600646 0.041962 1.08955e-05
91 95.0934 -0.0255845 0.883636 -0.00428954 0.000893702
92 94.0367 8.91602 -0.262545 0.0621635 -0.000444122
93 114.634 6.92903 -0.0472541 0.0507155 -0.000137454
94 86.1726 26.7517 -2.53937 0.186837 -0.002678
95 57.2213 13.4319 -0.0983646 0.0205089 0.000957806
