0 43.7851 4.16257 0.101335 0.0572261 -0.000301227
1 131.861 -29.2599 4.7601 -0.213678 0.00513099
2 57.3131 7.17095 -0.072557 0.0593346 -0.000311731
3 86.8768 -9.21295 2.019 -0.0545696 0.00192132
4 69.6184 1.75335 0.461199 0.0378471 -6.014e-05
5 30.9562 13.6558 -1.11005 0.122376 -0.00159344
6 85.0772 -2.57903 0.951392 0.0110705 0.000508814
7 65.6757 1.95187 0.46914 0.0302415 0.000221375
8 74.7167 -6.44638 1.53399 -0.0253629 0.00122578
9 66.2301 4.05387 0.0630826 0.0561017 -0.000210973
10 45.7528 6.65138 -0.121985 0.0633182 -0.000352427
11 73.863 7.58549 -0.298855 0.0742467 -0.000567717
12 36.5309 6.74893 -0.186314 0.0684605 -0.000525833
13 95.7946 -7.8493 1.54367 -0.0205736 0.0011582
14 55.2324 5.26143 -0.105768 0.068813 -0.000557065
15 53.8087 14.8593 -1.41443 0.139153 -0.00185276
16 44.425 5.65535 -0.244109 0.0729534 -0.000605087
17 67.8152 7.18153 -0.350477 0.0758629 -0.000584452
18 32.6993 12.8117 -1.04827 0.112772 -0.00122585
19 61.0903 7.29064 -0.446418 0.0861892 -0.000855488
20 58.3603 3.68216 -0.000768692 0.0590236 -0.000253935
21 41.5048 14.3069 -1.01562 0.101863 -0.000878074
22 83.8052 6.72391 -0.311172 0.076352 -0.000621485
23 98.3815 5.19123 -0.162593 0.0713274 -0.000620284
24 56.8544 5.48312 -0.168752 0.0663692 -0.000461647
25 80.216 7.03894 -0.445701 0.0835927 -0.000747777
26 62.1941 5.0249 -0.183183 0.0684916 -0.000481778
27 39.9476 12.5221 -1.11418 0.117463 -0.00131681
28 58.3234 9.70792 -0.795811 0.102379 -0.00115147
29 67.9721 3.49997 0.115977 0.0480152 -0.000108502
30 126.223 -6.87992 1.36334 -0.0106738 0.00090361
31 51.032 7.1744 -0.317343 0.0668739 -0.000431171
32 123.053 -5.55236 1.10644 0.0163211 0.00033165
33 109.893 -3.14272 0.90783 0.0212144 0.000327651
34 113.884 -1.49191 0.761023 0.0282618 0.000157332
35 111.7 -16.1698 2.57187 -0.0660765 0.00189108
36 63.6772 4.11013 -0.188603 0.0835604 -0.000906565
37 112.182 -8.38137 1.77199 -0.0323314 0.00137639
38 107.252 -9.08153 1.57091 -0.0111656 0.000832179
39 114.675 -4.35622 1.02372 0.0173435 0.000299945
40 113.466 -9.18861 1.50952 -0.00380018 0.000620879
41 116.686 -10.5643 1.81427 -0.0288753 0.00125367
42 73.4272 -1.09546 0.567067 0.0374954 5.24095e-05
43 101.787 -17.7142 2.68916 -0.0719907 0.00199223
44 113.309 -12.0098 1.95074 -0.0386383 0.0014663
45 106.351 -0.392003 0.534546 0.0372496 2.7425e-05
46 81.9672 3.24593 -0.0752782 0.0775678 -0.000808834
47 66.3667 0.504327 0.305818 0.0516052 -0.000258838
48 71.0753 6.13279 -0.394894 0.0902841 -0.00102785
49 79.0007 2.83651 0.000432745 0.0721035 -0.000701665
50 114.12 -6.487 1.22393 0.000633004 0.000780763
51 138.309 -0.723208 0.602946 0.0295172 0.000274875
52 90.9434 -10.3028 1.77366 -0.0289439 0.00129432
53 100.927 -5.21807 0.974574 0.0179889 0.000370661
54 115.454 -1.00096 0.305567 0.0601319 -0.000546826
55 89.8138 4.71664 -0.112989 0.0655588 -0.000402908
56 61.8946 5.78553 -0.348528 0.0821378 -0.00073115
57 75.8046 2.86481 -0.0120846 0.066508 -0.00053749
58 71.497 -3.67248 0.758415 0.0246518 0.000241569
59 120.377 3.00641 -0.0116128 0.0662301 -0.000490605
60 105.285 4.9647 -0.246866 0.0810499 -0.000846738
61 66.2956 2.13505 0.136055 0.0551726 -0.00023538
62 63.3145 7.70231 -0.490551 0.0840857 -0.000694529
63 77.8612 1.15675 0.201776 0.0538546 -0.000320986
64 76.0581 -0.288213 0.451678 0.0405079 -8.96439e-05
65 69.4452 -3.1519 0.711077 0.0332022 -0.000106112
66 91.4797 -3.17285 1.01449 0.00763419 0.000561391
67 74.4585 -2.81337 0.851362 0.0156586 0.000416405
68 99.5998 -8.7529 1.50362 -0.0137499 0.000864598
69 61.1984 -7.21257 1.38057 -0.00908917 0.000801056
70 113.966 -16.9613 2.50545 -0.0643554 0.00174416
71 86.5918 0.712636 0.40124 0.0400499 -8.49855e-05
72 53.1281 -0.481707 0.548902 0.0324584 6.33813e-05
73 46.352 2.69217 0.160192 0.0525259 -0.000289813
74 85.1204 -4.87609 1.01184 0.00880535 0.000477359
75 110.246 -6.67148 1.11963 0.0102686 0.000311144
76 55.1487 -0.257087 0.483603 0.0344996 6.39176e-06
77 91.6709 -3.07805 0.699859 0.0296346 5.57267e-05
78 140.41 -21.9582 2.58974 -0.0533345 0.00130852
79 68.411 6.58158 -0.389753 0.0820746 -0.000868624
80 25.2187 11.6205 -0.962302 0.106214 -0.00122335
81 137.221 -20.555 2.65103 -0.0639338 0.00160216
82 100.693 -4.86056 1.14836 -0.00349568 0.000796978
83 77.533 -1.09476 0.758275 0.0136251 0.000458074
84 74.3904 -1.35318 0.552419 0.037262 -0.000156546
85 64.4309 1.52824 0.190622 0.0541369 -0.000405544
86 60.1799 8.67065 -0.70117 0.0995476 -0.00120951
87 63.0132 -1.9807 0.85177 0.00865763 0.000621827
88 46.6902 5.05915 -0.146636 0.0676305 -0.000595936
89 54.3668 13.2063 -1.14796 0.117777 -0.00145044
90 108.715 -7.104 1.28342 -0.00444821 0.00065767
91 40.2261 9.8885 -0.690924 0.0929854 -0.000961606
92 12.5593 23.2237 -2.29217 0.171479 -0.00242418
93 117.058 -11.1016 1.85089 -0.0324429 0.0012079
94 64.3408 7.08104 -0.52187 0.0917921 -0.00113709
