0 51.8522 8.21918 0.430396 0.0192603 0.000748255
1 11.5088 17.2065 -0.771071 0.0818362 -0.000419846
2 114.215 -3.56759 1.62708 -0.0381403 0.00180854
3 15.178 24.0096 -1.81324 0.147331 -0.00173899
4 -24.2866 37.3006 -3.32627 0.211025 -0.00256992
5 84.8585 -1.39074 1.0004 0.0120643 0.000558765
6 54.5116 9.2081 0.422983 0.00755924 0.00114459
7 3.46462 23.1853 -1.27448 0.0945375 -0.000407208
8 62.8508 14.1774 -0.994717 0.109056 -0.00110245
9 -6.0833 28.7387 -2.38656 0.166537 -0.00197152
10 18.0632 21.3371 -1.30035 0.102448 -0.000638214
11 62.2636 7.61707 0.72544 -0.00509596 0.00129465
12 -35.3904 40.0144 -3.56838 0.21741 -0.00270935
13 21.6901 17.84 -0.68057 0.0668297 3.06082e-05
14 -14.1684 39.7995 -3.72043 0.22963 -0.00293618
15 12.5969 17.1665 -0.769449 0.0749409 -0.000160292
16 -33.7677 39.2331 -3.88128 0.248343 -0.00345344
17 42.9303 24.6901 -2.00295 0.148456 -0.00166911
18 19.0364 20.065 -1.69087 0.142815 -0.00169624
19 30.2188 23.5404 -2.10695 0.164743 -0.0020625
20 61.1254 15.7357 -1.09444 0.109139 -0.00103243
21 44.2409 19.7114 -1.50569 0.126596 -0.00128397
22 43.9006 18.2236 -1.17975 0.100527 -0.00067379
23 22.2348 28.7636 -2.61604 0.180071 -0.00220945
24 57.3266 20.0485 -1.68305 0.141696 -0.00170013
25 4.64561 25.738 -1.94757 0.132598 -0.00118317
26 81.6434 9.8949 -0.628609 0.0953988 -0.000947527
27 47.1624 13.969 -0.764578 0.0872663 -0.000599977
28 47.9589 22.0612 -2.19073 0.176957 -0.00243045
29 1.70218 33.9854 -2.99539 0.191586 -0.00237944
30 -3.56644 28.9532 -2.70347 0.186899 -0.00234791
31 -10.1241 36.5168 -3.61846 0.233538 -0.00329788
32 50.7715 24.5368 -1.97479 0.149196 -0.00162331
33 -17.6209 38.0583 -3.4515 0.217933 -0.00279394
34 21.8541 21.5684 -1.17779 0.0897576 -0.000212137
35 -6.50125 27.1477 -1.78895 0.119378 -0.000829171
36 7.40939 31.0941 -2.35109 0.152445 -0.00143778
37 13.0875 24.393 -1.45475 0.103187 -0.000543007
38 14.8912 18.0226 -0.92626 0.0854407 -0.000350467
39 16.8752 27.6277 -1.96901 0.133113 -0.00113357
40 5.33865 29.2457 -2.53811 0.175785 -0.0021638
41 9.32083 38.8093 -3.35883 0.202637 -0.00231275
42 63.2162 16.626 -0.889596 0.082803 -0.000270436
43 42.3067 18.9713 -0.94245 0.0810196 -0.000180572
44 22.3275 20.52 -1.14724 0.0903849 -0.000376798
45 -29.7349 38.9496 -3.43179 0.206652 -0.00244029
46 74.4107 15.6936 -0.772689 0.0795425 -0.000323662
47 65.0688 21.8217 -1.78786 0.137572 -0.00145813
48 18.237 28.8163 -2.51169 0.1695 -0.00198206
49 -13.1135 43.4744 -3.93189 0.226646 -0.0027593
50 27.9177 28.2694 -2.60676 0.181857 -0.00221019
51 12.0211 30.3223 -2.55362 0.16576 -0.00176872
52 20.1717 40.195 -4.10354 0.257821 -0.00368046
53 16.7513 35.4823 -3.58344 0.23437 -0.0032219
54 57.9525 22.7629 -2.08628 0.156854 -0.00175561
55 22.0365 26.9652 -2.04603 0.138094 -0.00121737
56 -4.55572 37.5043 -3.60488 0.223892 -0.00290452
57 19.1797 28.1479 -2.76833 0.196261 -0.00257448
58 28.3072 21.2784 -2.00846 0.15657 -0.00187724
59 70.7891 17.3872 -1.3338 0.117064 -0.000992687
60 24.5579 29.8547 -2.95854 0.201995 -0.00264798
61 61.7682 14.96 -1.27852 0.124038 -0.00130712
62 73.1674 24.7533 -2.08492 0.145505 -0.00149042
63 38.8967 19.5436 -1.71698 0.134854 -0.00144609
64 64.5105 15.3641 -0.905243 0.0916076 -0.000669917
65 55.2593 5.86053 -0.0450616 0.057536 -0.000220729
66 53.9073 7.37448 -0.0422306 0.0566841 -0.000152284
67 39.9465 6.70155 0.454314 0.00774229 0.000960669
68 102.491 -1.60431 0.896855 0.0151588 0.000476707
69 39.3188 18.9774 -1.35698 0.116936 -0.00119439
70 106.484 2.2383 0.51173 0.0266726 0.000336114
71 37.9969 2.17608 0.837018 -0.000399492 0.000958325
72 30.3971 8.95012 -0.177199 0.0565472 -0.000148319
73 73.4327 4.02906 0.28776 0.0377483 0.000163436
74 46.0889 7.18214 -0.172308 0.0657763 -0.000419498
75 90.7983 8.44759 -0.374269 0.0765336 -0.000595279
76 0.261181 14.5968 -0.725016 0.0802562 -0.000451888
77 87.791 -5.32099 1.20182 0.00144722 0.00068574
78 20.7642 11.3557 -0.528692 0.0736334 -0.000400086
79 74.5858 13.3868 -1.04018 0.115232 -0.00143904
80 43.1259 14.4894 -1.20295 0.123054 -0.00161704
81 44.1484 13.8156 -0.7536 0.0864151 -0.000694804
82 15.7846 27.9208 -2.44775 0.170938 -0.00217752
83 -2.59152 26.2483 -2.1723 0.152088 -0.00168932
84 44.4851 8.52985 -0.229571 0.0649703 -0.00036626
85 58.4721 9.31385 -0.139779 0.0516057 3.18924e-05
86 16.7613 29.9035 -2.90539 0.204813 -0.00290729
87 38.5538 17.1169 -1.09457 0.102811 -0.000844044
88 -17.3939 31.2486 -2.84845 0.189412 -0.00238906
89 11.3825 23.6621 -1.89428 0.139739 -0.00148834
90 10.9069 17.4399 -1.1626 0.103767 -0.000872579
91 79.05 4.22045 0.450053 0.0203246 0.000666904
92 84.5123 5.48313 0.247943 0.0368046 0.000238871
93 -8.39983 26.7955 -2.43009 0.176371 -0.00225746
94 15.079 21.5449 -1.83872 0.14718 -0.0017645
